,frame_num,car,imdb_id
0,0,0,35735
1,24,0,35735
2,48,0,35735
3,72,0,35735
4,96,0,35735
5,120,0,35735
6,144,0,35735
7,168,0,35735
8,192,0,35735
9,216,0,35735
10,240,0,35735
11,264,0,35735
12,288,0,35735
13,312,0,35735
14,336,0,35735
15,360,0,35735
16,384,0,35735
17,408,0,35735
18,432,0,35735
19,456,0,35735
20,480,0,35735
21,504,0,35735
22,528,0,35735
23,552,0,35735
24,576,0,35735
25,600,0,35735
26,624,0,35735
27,648,0,35735
28,672,0,35735
29,696,0,35735
30,720,0,35735
31,744,0,35735
32,768,0,35735
33,792,0,35735
34,816,0,35735
35,840,0,35735
36,864,0,35735
37,888,0,35735
38,912,0,35735
39,936,0,35735
40,960,0,35735
41,984,0,35735
42,1008,0,35735
43,1032,0,35735
44,1056,0,35735
45,1080,0,35735
46,1104,0,35735
47,1128,0,35735
48,1152,0,35735
49,1176,0,35735
50,1200,0,35735
51,1224,0,35735
52,1248,0,35735
53,1272,0,35735
54,1296,0,35735
55,1320,0,35735
56,1344,0,35735
57,1368,0,35735
58,1392,0,35735
59,1416,0,35735
60,1440,0,35735
61,1464,0,35735
62,1488,0,35735
63,1512,0,35735
64,1536,0,35735
65,1560,0,35735
66,1584,0,35735
67,1608,0,35735
68,1632,0,35735
69,1656,0,35735
70,1680,0,35735
71,1704,0,35735
72,1728,0,35735
73,1752,0,35735
74,1776,0,35735
75,1800,0,35735
76,1824,0,35735
77,1848,0,35735
78,1872,0,35735
79,1896,0,35735
80,1920,0,35735
81,1944,0,35735
82,1968,0,35735
83,1992,0,35735
84,2016,0,35735
85,2040,0,35735
86,2064,0,35735
87,2088,0,35735
88,2112,0,35735
89,2136,0,35735
90,2160,0,35735
91,2184,0,35735
92,2208,0,35735
93,2232,0,35735
94,2256,0,35735
95,2280,0,35735
96,2304,0,35735
97,2328,0,35735
98,2352,0,35735
99,2376,0,35735
100,2400,0,35735
101,2424,0,35735
102,2448,0,35735
103,2472,0,35735
104,2496,0,35735
105,2520,0,35735
106,2544,0,35735
107,2568,0,35735
108,2592,0,35735
109,2616,0,35735
110,2640,0,35735
111,2664,0,35735
112,2688,0,35735
113,2712,0,35735
114,2736,0,35735
115,2760,0,35735
116,2784,0,35735
117,2808,0,35735
118,2832,0,35735
119,2856,0,35735
120,2880,0,35735
121,2904,0,35735
122,2928,0,35735
123,2952,0,35735
124,2976,0,35735
125,3000,0,35735
126,3024,0,35735
127,3048,0,35735
128,3072,0,35735
129,3096,0,35735
130,3120,0,35735
131,3144,0,35735
132,3168,0,35735
133,3192,0,35735
134,3216,0,35735
135,3240,0,35735
136,3264,0,35735
137,3288,0,35735
138,3312,0,35735
139,3336,0,35735
140,3360,0,35735
141,3384,0,35735
142,3408,0,35735
143,3432,0,35735
144,3456,0,35735
145,3480,0,35735
146,3504,0,35735
147,3528,0,35735
148,3552,0,35735
149,3576,0,35735
150,3600,0,35735
151,3624,0,35735
152,3648,0,35735
153,3672,0,35735
154,3696,0,35735
155,3720,0,35735
156,3744,0,35735
157,3768,0,35735
158,3792,0,35735
159,3816,0,35735
160,3840,0,35735
161,3864,0,35735
162,3888,0,35735
163,3912,0,35735
164,3936,0,35735
165,3960,0,35735
166,3984,0,35735
167,4008,0,35735
168,4032,0,35735
169,4056,0,35735
170,4080,0,35735
171,4104,0,35735
172,4128,0,35735
173,4152,0,35735
174,4176,0,35735
175,4200,0,35735
176,4224,0,35735
177,4248,0,35735
178,4272,0,35735
179,4296,0,35735
180,4320,0,35735
181,4344,0,35735
182,4368,0,35735
183,4392,0,35735
184,4416,0,35735
185,4440,0,35735
186,4464,0,35735
187,4488,0,35735
188,4512,0,35735
189,4536,0,35735
190,4560,0,35735
191,4584,0,35735
192,4608,0,35735
193,4632,0,35735
194,4656,0,35735
195,4680,0,35735
196,4704,0,35735
197,4728,0,35735
198,4752,0,35735
199,4776,0,35735
200,4800,0,35735
201,4824,0,35735
202,4848,0,35735
203,4872,0,35735
204,4896,0,35735
205,4920,0,35735
206,4944,0,35735
207,4968,0,35735
208,4992,0,35735
209,5016,0,35735
210,5040,0,35735
211,5064,0,35735
212,5088,0,35735
213,5112,0,35735
214,5136,0,35735
215,5160,0,35735
216,5184,0,35735
217,5208,1,35735
218,5232,0,35735
219,5256,0,35735
220,5280,0,35735
221,5304,0,35735
222,5328,0,35735
223,5352,0,35735
224,5376,0,35735
225,5400,0,35735
226,5424,0,35735
227,5448,0,35735
228,5472,0,35735
229,5496,0,35735
230,5520,0,35735
231,5544,0,35735
232,5568,0,35735
233,5592,0,35735
234,5616,0,35735
235,5640,0,35735
236,5664,0,35735
237,5688,0,35735
238,5712,0,35735
239,5736,0,35735
240,5760,0,35735
241,5784,0,35735
242,5808,0,35735
243,5832,0,35735
244,5856,0,35735
245,5880,0,35735
246,5904,0,35735
247,5928,0,35735
248,5952,0,35735
249,5976,0,35735
250,6000,0,35735
251,6024,0,35735
252,6048,0,35735
253,6072,0,35735
254,6096,0,35735
255,6120,0,35735
256,6144,0,35735
257,6168,0,35735
258,6192,0,35735
259,6216,0,35735
260,6240,0,35735
261,6264,0,35735
262,6288,0,35735
263,6312,0,35735
264,6336,0,35735
265,6360,0,35735
266,6384,0,35735
267,6408,0,35735
268,6432,0,35735
269,6456,0,35735
270,6480,0,35735
271,6504,0,35735
272,6528,0,35735
273,6552,0,35735
274,6576,0,35735
275,6600,0,35735
276,6624,0,35735
277,6648,0,35735
278,6672,0,35735
279,6696,0,35735
280,6720,0,35735
281,6744,0,35735
282,6768,0,35735
283,6792,0,35735
284,6816,0,35735
285,6840,0,35735
286,6864,0,35735
287,6888,0,35735
288,6912,0,35735
289,6936,0,35735
290,6960,0,35735
291,6984,0,35735
292,7008,0,35735
293,7032,0,35735
294,7056,0,35735
295,7080,0,35735
296,7104,0,35735
297,7128,0,35735
298,7152,0,35735
299,7176,0,35735
300,7200,0,35735
301,7224,0,35735
302,7248,0,35735
303,7272,0,35735
304,7296,0,35735
305,7320,0,35735
306,7344,0,35735
307,7368,0,35735
308,7392,0,35735
309,7416,0,35735
310,7440,0,35735
311,7464,0,35735
312,7488,0,35735
313,7512,0,35735
314,7536,0,35735
315,7560,0,35735
316,7584,0,35735
317,7608,0,35735
318,7632,0,35735
319,7656,0,35735
320,7680,0,35735
321,7704,0,35735
322,7728,0,35735
323,7752,0,35735
324,7776,0,35735
325,7800,0,35735
326,7824,0,35735
327,7848,0,35735
328,7872,0,35735
329,7896,0,35735
330,7920,0,35735
331,7944,0,35735
332,7968,0,35735
333,7992,0,35735
334,8016,0,35735
335,8040,0,35735
336,8064,0,35735
337,8088,0,35735
338,8112,0,35735
339,8136,0,35735
340,8160,0,35735
341,8184,0,35735
342,8208,0,35735
343,8232,0,35735
344,8256,0,35735
345,8280,0,35735
346,8304,0,35735
347,8328,0,35735
348,8352,0,35735
349,8376,0,35735
350,8400,0,35735
351,8424,0,35735
352,8448,0,35735
353,8472,0,35735
354,8496,0,35735
355,8520,0,35735
356,8544,0,35735
357,8568,0,35735
358,8592,0,35735
359,8616,0,35735
360,8640,0,35735
361,8664,0,35735
362,8688,0,35735
363,8712,0,35735
364,8736,0,35735
365,8760,0,35735
366,8784,0,35735
367,8808,0,35735
368,8832,0,35735
369,8856,0,35735
370,8880,0,35735
371,8904,0,35735
372,8928,0,35735
373,8952,0,35735
374,8976,0,35735
375,9000,0,35735
376,9024,0,35735
377,9048,0,35735
378,9072,0,35735
379,9096,0,35735
380,9120,0,35735
381,9144,0,35735
382,9168,0,35735
383,9192,0,35735
384,9216,0,35735
385,9240,0,35735
386,9264,0,35735
387,9288,0,35735
388,9312,0,35735
389,9336,0,35735
390,9360,0,35735
391,9384,0,35735
392,9408,0,35735
393,9432,0,35735
394,9456,0,35735
395,9480,0,35735
396,9504,0,35735
397,9528,0,35735
398,9552,0,35735
399,9576,0,35735
400,9600,0,35735
401,9624,0,35735
402,9648,0,35735
403,9672,0,35735
404,9696,0,35735
405,9720,0,35735
406,9744,0,35735
407,9768,0,35735
408,9792,0,35735
409,9816,0,35735
410,9840,0,35735
411,9864,0,35735
412,9888,0,35735
413,9912,0,35735
414,9936,0,35735
415,9960,0,35735
416,9984,0,35735
417,10008,0,35735
418,10032,0,35735
419,10056,0,35735
420,10080,0,35735
421,10104,0,35735
422,10128,0,35735
423,10152,0,35735
424,10176,0,35735
425,10200,0,35735
426,10224,0,35735
427,10248,0,35735
428,10272,0,35735
429,10296,0,35735
430,10320,0,35735
431,10344,0,35735
432,10368,0,35735
433,10392,0,35735
434,10416,0,35735
435,10440,0,35735
436,10464,0,35735
437,10488,0,35735
438,10512,0,35735
439,10536,0,35735
440,10560,0,35735
441,10584,0,35735
442,10608,0,35735
443,10632,0,35735
444,10656,0,35735
445,10680,0,35735
446,10704,0,35735
447,10728,0,35735
448,10752,0,35735
449,10776,0,35735
450,10800,0,35735
451,10824,0,35735
452,10848,0,35735
453,10872,0,35735
454,10896,0,35735
455,10920,0,35735
456,10944,0,35735
457,10968,0,35735
458,10992,0,35735
459,11016,0,35735
460,11040,0,35735
461,11064,0,35735
462,11088,0,35735
463,11112,0,35735
464,11136,0,35735
465,11160,0,35735
466,11184,0,35735
467,11208,0,35735
468,11232,0,35735
469,11256,0,35735
470,11280,0,35735
471,11304,0,35735
472,11328,0,35735
473,11352,0,35735
474,11376,0,35735
475,11400,0,35735
476,11424,0,35735
477,11448,0,35735
478,11472,0,35735
479,11496,0,35735
480,11520,0,35735
481,11544,0,35735
482,11568,0,35735
483,11592,0,35735
484,11616,0,35735
485,11640,0,35735
486,11664,0,35735
487,11688,0,35735
488,11712,0,35735
489,11736,0,35735
490,11760,0,35735
491,11784,0,35735
492,11808,0,35735
493,11832,0,35735
494,11856,0,35735
495,11880,0,35735
496,11904,0,35735
497,11928,0,35735
498,11952,0,35735
499,11976,0,35735
500,12000,0,35735
501,12024,0,35735
502,12048,0,35735
503,12072,0,35735
504,12096,0,35735
505,12120,0,35735
506,12144,0,35735
507,12168,0,35735
508,12192,0,35735
509,12216,0,35735
510,12240,0,35735
511,12264,0,35735
512,12288,0,35735
513,12312,0,35735
514,12336,0,35735
515,12360,0,35735
516,12384,0,35735
517,12408,0,35735
518,12432,0,35735
519,12456,0,35735
520,12480,0,35735
521,12504,0,35735
522,12528,0,35735
523,12552,0,35735
524,12576,0,35735
525,12600,0,35735
526,12624,0,35735
527,12648,0,35735
528,12672,0,35735
529,12696,0,35735
530,12720,0,35735
531,12744,0,35735
532,12768,0,35735
533,12792,0,35735
534,12816,0,35735
535,12840,0,35735
536,12864,0,35735
537,12888,0,35735
538,12912,0,35735
539,12936,0,35735
540,12960,0,35735
541,12984,0,35735
542,13008,0,35735
543,13032,0,35735
544,13056,0,35735
545,13080,0,35735
546,13104,0,35735
547,13128,0,35735
548,13152,0,35735
549,13176,0,35735
550,13200,0,35735
551,13224,0,35735
552,13248,0,35735
553,13272,0,35735
554,13296,0,35735
555,13320,0,35735
556,13344,0,35735
557,13368,0,35735
558,13392,0,35735
559,13416,0,35735
560,13440,0,35735
561,13464,0,35735
562,13488,0,35735
563,13512,0,35735
564,13536,0,35735
565,13560,1,35735
566,13584,0,35735
567,13608,0,35735
568,13632,1,35735
569,13656,0,35735
570,13680,0,35735
571,13704,0,35735
572,13728,1,35735
573,13752,0,35735
574,13776,0,35735
575,13800,0,35735
576,13824,0,35735
577,13848,0,35735
578,13872,0,35735
579,13896,0,35735
580,13920,0,35735
581,13944,0,35735
582,13968,0,35735
583,13992,0,35735
584,14016,0,35735
585,14040,0,35735
586,14064,0,35735
587,14088,0,35735
588,14112,0,35735
589,14136,0,35735
590,14160,0,35735
591,14184,0,35735
592,14208,0,35735
593,14232,0,35735
594,14256,0,35735
595,14280,1,35735
596,14304,0,35735
597,14328,0,35735
598,14352,0,35735
599,14376,0,35735
600,14400,0,35735
601,14424,0,35735
602,14448,0,35735
603,14472,0,35735
604,14496,0,35735
605,14520,1,35735
606,14544,0,35735
607,14568,0,35735
608,14592,0,35735
609,14616,0,35735
610,14640,0,35735
611,14664,0,35735
612,14688,0,35735
613,14712,0,35735
614,14736,0,35735
615,14760,0,35735
616,14784,0,35735
617,14808,0,35735
618,14832,0,35735
619,14856,0,35735
620,14880,0,35735
621,14904,0,35735
622,14928,1,35735
623,14952,0,35735
624,14976,0,35735
625,15000,0,35735
626,15024,0,35735
627,15048,1,35735
628,15072,1,35735
629,15096,1,35735
630,15120,1,35735
631,15144,1,35735
632,15168,1,35735
633,15192,1,35735
634,15216,1,35735
635,15240,1,35735
636,15264,1,35735
637,15288,1,35735
638,15312,1,35735
639,15336,0,35735
640,15360,0,35735
641,15384,0,35735
642,15408,0,35735
643,15432,0,35735
644,15456,1,35735
645,15480,0,35735
646,15504,0,35735
647,15528,0,35735
648,15552,0,35735
649,15576,1,35735
650,15600,0,35735
651,15624,0,35735
652,15648,0,35735
653,15672,0,35735
654,15696,0,35735
655,15720,0,35735
656,15744,0,35735
657,15768,0,35735
658,15792,0,35735
659,15816,0,35735
660,15840,0,35735
661,15864,0,35735
662,15888,0,35735
663,15912,0,35735
664,15936,0,35735
665,15960,0,35735
666,15984,0,35735
667,16008,0,35735
668,16032,0,35735
669,16056,0,35735
670,16080,0,35735
671,16104,0,35735
672,16128,0,35735
673,16152,0,35735
674,16176,0,35735
675,16200,0,35735
676,16224,0,35735
677,16248,0,35735
678,16272,0,35735
679,16296,0,35735
680,16320,0,35735
681,16344,0,35735
682,16368,0,35735
683,16392,0,35735
684,16416,0,35735
685,16440,0,35735
686,16464,0,35735
687,16488,0,35735
688,16512,0,35735
689,16536,0,35735
690,16560,0,35735
691,16584,0,35735
692,16608,0,35735
693,16632,0,35735
694,16656,0,35735
695,16680,0,35735
696,16704,0,35735
697,16728,0,35735
698,16752,0,35735
699,16776,0,35735
700,16800,0,35735
701,16824,0,35735
702,16848,0,35735
703,16872,0,35735
704,16896,0,35735
705,16920,0,35735
706,16944,0,35735
707,16968,0,35735
708,16992,0,35735
709,17016,0,35735
710,17040,0,35735
711,17064,0,35735
712,17088,0,35735
713,17112,0,35735
714,17136,0,35735
715,17160,0,35735
716,17184,0,35735
717,17208,0,35735
718,17232,0,35735
719,17256,0,35735
720,17280,0,35735
721,17304,0,35735
722,17328,0,35735
723,17352,0,35735
724,17376,0,35735
725,17400,0,35735
726,17424,0,35735
727,17448,0,35735
728,17472,0,35735
729,17496,0,35735
730,17520,0,35735
731,17544,0,35735
732,17568,0,35735
733,17592,0,35735
734,17616,0,35735
735,17640,0,35735
736,17664,0,35735
737,17688,0,35735
738,17712,0,35735
739,17736,0,35735
740,17760,0,35735
741,17784,0,35735
742,17808,0,35735
743,17832,0,35735
744,17856,0,35735
745,17880,0,35735
746,17904,0,35735
747,17928,0,35735
748,17952,0,35735
749,17976,0,35735
750,18000,0,35735
751,18024,0,35735
752,18048,0,35735
753,18072,0,35735
754,18096,0,35735
755,18120,0,35735
756,18144,1,35735
757,18168,1,35735
758,18192,0,35735
759,18216,0,35735
760,18240,0,35735
761,18264,0,35735
762,18288,0,35735
763,18312,0,35735
764,18336,0,35735
765,18360,0,35735
766,18384,0,35735
767,18408,0,35735
768,18432,0,35735
769,18456,0,35735
770,18480,0,35735
771,18504,1,35735
772,18528,0,35735
773,18552,0,35735
774,18576,0,35735
775,18600,0,35735
776,18624,1,35735
777,18648,1,35735
778,18672,0,35735
779,18696,0,35735
780,18720,0,35735
781,18744,0,35735
782,18768,0,35735
783,18792,0,35735
784,18816,0,35735
785,18840,0,35735
786,18864,1,35735
787,18888,1,35735
788,18912,0,35735
789,18936,0,35735
790,18960,0,35735
791,18984,0,35735
792,19008,0,35735
793,19032,0,35735
794,19056,0,35735
795,19080,0,35735
796,19104,0,35735
797,19128,0,35735
798,19152,0,35735
799,19176,0,35735
800,19200,0,35735
801,19224,0,35735
802,19248,0,35735
803,19272,0,35735
804,19296,0,35735
805,19320,0,35735
806,19344,0,35735
807,19368,0,35735
808,19392,0,35735
809,19416,0,35735
810,19440,0,35735
811,19464,0,35735
812,19488,0,35735
813,19512,0,35735
814,19536,0,35735
815,19560,0,35735
816,19584,0,35735
817,19608,0,35735
818,19632,0,35735
819,19656,0,35735
820,19680,0,35735
821,19704,0,35735
822,19728,0,35735
823,19752,1,35735
824,19776,0,35735
825,19800,0,35735
826,19824,0,35735
827,19848,0,35735
828,19872,0,35735
829,19896,0,35735
830,19920,0,35735
831,19944,0,35735
832,19968,0,35735
833,19992,0,35735
834,20016,1,35735
835,20040,1,35735
836,20064,0,35735
837,20088,0,35735
838,20112,0,35735
839,20136,0,35735
840,20160,0,35735
841,20184,0,35735
842,20208,0,35735
843,20232,0,35735
844,20256,0,35735
845,20280,0,35735
846,20304,0,35735
847,20328,0,35735
848,20352,0,35735
849,20376,0,35735
850,20400,0,35735
851,20424,0,35735
852,20448,0,35735
853,20472,0,35735
854,20496,0,35735
855,20520,0,35735
856,20544,0,35735
857,20568,0,35735
858,20592,0,35735
859,20616,0,35735
860,20640,0,35735
861,20664,0,35735
862,20688,0,35735
863,20712,0,35735
864,20736,0,35735
865,20760,0,35735
866,20784,0,35735
867,20808,0,35735
868,20832,0,35735
869,20856,0,35735
870,20880,0,35735
871,20904,0,35735
872,20928,0,35735
873,20952,0,35735
874,20976,0,35735
875,21000,0,35735
876,21024,0,35735
877,21048,1,35735
878,21072,0,35735
879,21096,0,35735
880,21120,0,35735
881,21144,0,35735
882,21168,0,35735
883,21192,0,35735
884,21216,0,35735
885,21240,0,35735
886,21264,0,35735
887,21288,0,35735
888,21312,0,35735
889,21336,0,35735
890,21360,0,35735
891,21384,0,35735
892,21408,0,35735
893,21432,0,35735
894,21456,0,35735
895,21480,0,35735
896,21504,0,35735
897,21528,0,35735
898,21552,0,35735
899,21576,0,35735
900,21600,0,35735
901,21624,0,35735
902,21648,0,35735
903,21672,0,35735
904,21696,0,35735
905,21720,0,35735
906,21744,0,35735
907,21768,0,35735
908,21792,0,35735
909,21816,0,35735
910,21840,0,35735
911,21864,0,35735
912,21888,0,35735
913,21912,0,35735
914,21936,0,35735
915,21960,0,35735
916,21984,0,35735
917,22008,0,35735
918,22032,0,35735
919,22056,0,35735
920,22080,0,35735
921,22104,1,35735
922,22128,0,35735
923,22152,1,35735
924,22176,1,35735
925,22200,1,35735
926,22224,0,35735
927,22248,0,35735
928,22272,0,35735
929,22296,0,35735
930,22320,0,35735
931,22344,0,35735
932,22368,0,35735
933,22392,0,35735
934,22416,0,35735
935,22440,0,35735
936,22464,0,35735
937,22488,0,35735
938,22512,0,35735
939,22536,0,35735
940,22560,0,35735
941,22584,0,35735
942,22608,0,35735
943,22632,0,35735
944,22656,0,35735
945,22680,0,35735
946,22704,0,35735
947,22728,0,35735
948,22752,0,35735
949,22776,0,35735
950,22800,0,35735
951,22824,0,35735
952,22848,0,35735
953,22872,0,35735
954,22896,0,35735
955,22920,0,35735
956,22944,0,35735
957,22968,0,35735
958,22992,0,35735
959,23016,0,35735
960,23040,0,35735
961,23064,0,35735
962,23088,0,35735
963,23112,0,35735
964,23136,0,35735
965,23160,0,35735
966,23184,0,35735
967,23208,0,35735
968,23232,0,35735
969,23256,0,35735
970,23280,0,35735
971,23304,0,35735
972,23328,0,35735
973,23352,0,35735
974,23376,0,35735
975,23400,0,35735
976,23424,0,35735
977,23448,0,35735
978,23472,0,35735
979,23496,0,35735
980,23520,0,35735
981,23544,0,35735
982,23568,0,35735
983,23592,0,35735
984,23616,0,35735
985,23640,0,35735
986,23664,0,35735
987,23688,0,35735
988,23712,0,35735
989,23736,0,35735
990,23760,0,35735
991,23784,0,35735
992,23808,0,35735
993,23832,0,35735
994,23856,0,35735
995,23880,0,35735
996,23904,0,35735
997,23928,0,35735
998,23952,0,35735
999,23976,0,35735
1000,24000,0,35735
1001,24024,0,35735
1002,24048,0,35735
1003,24072,0,35735
1004,24096,0,35735
1005,24120,0,35735
1006,24144,0,35735
1007,24168,0,35735
1008,24192,1,35735
1009,24216,0,35735
1010,24240,1,35735
1011,24264,0,35735
1012,24288,0,35735
1013,24312,0,35735
1014,24336,0,35735
1015,24360,0,35735
1016,24384,0,35735
1017,24408,0,35735
1018,24432,0,35735
1019,24456,0,35735
1020,24480,0,35735
1021,24504,0,35735
1022,24528,0,35735
1023,24552,0,35735
1024,24576,0,35735
1025,24600,0,35735
1026,24624,0,35735
1027,24648,0,35735
1028,24672,0,35735
1029,24696,0,35735
1030,24720,0,35735
1031,24744,0,35735
1032,24768,0,35735
1033,24792,0,35735
1034,24816,0,35735
1035,24840,1,35735
1036,24864,1,35735
1037,24888,0,35735
1038,24912,1,35735
1039,24936,0,35735
1040,24960,0,35735
1041,24984,0,35735
1042,25008,0,35735
1043,25032,0,35735
1044,25056,0,35735
1045,25080,0,35735
1046,25104,0,35735
1047,25128,0,35735
1048,25152,0,35735
1049,25176,0,35735
1050,25200,0,35735
1051,25224,0,35735
1052,25248,0,35735
1053,25272,0,35735
1054,25296,0,35735
1055,25320,0,35735
1056,25344,0,35735
1057,25368,0,35735
1058,25392,0,35735
1059,25416,0,35735
1060,25440,0,35735
1061,25464,0,35735
1062,25488,0,35735
1063,25512,0,35735
1064,25536,0,35735
1065,25560,0,35735
1066,25584,0,35735
1067,25608,0,35735
1068,25632,0,35735
1069,25656,0,35735
1070,25680,0,35735
1071,25704,0,35735
1072,25728,0,35735
1073,25752,0,35735
1074,25776,0,35735
1075,25800,0,35735
1076,25824,0,35735
1077,25848,0,35735
1078,25872,0,35735
1079,25896,0,35735
1080,25920,0,35735
1081,25944,0,35735
1082,25968,0,35735
1083,25992,0,35735
1084,26016,0,35735
1085,26040,0,35735
1086,26064,0,35735
1087,26088,0,35735
1088,26112,0,35735
1089,26136,0,35735
1090,26160,0,35735
1091,26184,0,35735
1092,26208,0,35735
1093,26232,0,35735
1094,26256,0,35735
1095,26280,0,35735
1096,26304,0,35735
1097,26328,0,35735
1098,26352,0,35735
1099,26376,0,35735
1100,26400,0,35735
1101,26424,0,35735
1102,26448,0,35735
1103,26472,0,35735
1104,26496,0,35735
1105,26520,0,35735
1106,26544,0,35735
1107,26568,0,35735
1108,26592,0,35735
1109,26616,0,35735
1110,26640,0,35735
1111,26664,0,35735
1112,26688,0,35735
1113,26712,0,35735
1114,26736,0,35735
1115,26760,0,35735
1116,26784,0,35735
1117,26808,0,35735
1118,26832,0,35735
1119,26856,0,35735
1120,26880,0,35735
1121,26904,0,35735
1122,26928,0,35735
1123,26952,0,35735
1124,26976,0,35735
1125,27000,0,35735
1126,27024,0,35735
1127,27048,0,35735
1128,27072,0,35735
1129,27096,0,35735
1130,27120,0,35735
1131,27144,0,35735
1132,27168,0,35735
1133,27192,0,35735
1134,27216,0,35735
1135,27240,0,35735
1136,27264,0,35735
1137,27288,0,35735
1138,27312,0,35735
1139,27336,0,35735
1140,27360,0,35735
1141,27384,0,35735
1142,27408,0,35735
1143,27432,0,35735
1144,27456,0,35735
1145,27480,0,35735
1146,27504,0,35735
1147,27528,0,35735
1148,27552,0,35735
1149,27576,0,35735
1150,27600,0,35735
1151,27624,0,35735
1152,27648,0,35735
1153,27672,0,35735
1154,27696,0,35735
1155,27720,0,35735
1156,27744,0,35735
1157,27768,0,35735
1158,27792,0,35735
1159,27816,0,35735
1160,27840,0,35735
1161,27864,0,35735
1162,27888,0,35735
1163,27912,0,35735
1164,27936,0,35735
1165,27960,0,35735
1166,27984,0,35735
1167,28008,0,35735
1168,28032,0,35735
1169,28056,1,35735
1170,28080,0,35735
1171,28104,0,35735
1172,28128,0,35735
1173,28152,0,35735
1174,28176,0,35735
1175,28200,0,35735
1176,28224,0,35735
1177,28248,0,35735
1178,28272,0,35735
1179,28296,0,35735
1180,28320,0,35735
1181,28344,0,35735
1182,28368,0,35735
1183,28392,0,35735
1184,28416,0,35735
1185,28440,0,35735
1186,28464,0,35735
1187,28488,0,35735
1188,28512,0,35735
1189,28536,1,35735
1190,28560,1,35735
1191,28584,1,35735
1192,28608,1,35735
1193,28632,1,35735
1194,28656,1,35735
1195,28680,1,35735
1196,28704,0,35735
1197,28728,0,35735
1198,28752,0,35735
1199,28776,1,35735
1200,28800,1,35735
1201,28824,1,35735
1202,28848,1,35735
1203,28872,1,35735
1204,28896,1,35735
1205,28920,1,35735
1206,28944,1,35735
1207,28968,1,35735
1208,28992,1,35735
1209,29016,1,35735
1210,29040,0,35735
1211,29064,0,35735
1212,29088,0,35735
1213,29112,0,35735
1214,29136,1,35735
1215,29160,1,35735
1216,29184,0,35735
1217,29208,0,35735
1218,29232,0,35735
1219,29256,0,35735
1220,29280,0,35735
1221,29304,0,35735
1222,29328,0,35735
1223,29352,0,35735
1224,29376,0,35735
1225,29400,0,35735
1226,29424,0,35735
1227,29448,0,35735
1228,29472,0,35735
1229,29496,0,35735
1230,29520,0,35735
1231,29544,0,35735
1232,29568,0,35735
1233,29592,0,35735
1234,29616,0,35735
1235,29640,0,35735
1236,29664,0,35735
1237,29688,1,35735
1238,29712,1,35735
1239,29736,1,35735
1240,29760,0,35735
1241,29784,0,35735
1242,29808,0,35735
1243,29832,0,35735
1244,29856,0,35735
1245,29880,0,35735
1246,29904,0,35735
1247,29928,0,35735
1248,29952,0,35735
1249,29976,0,35735
1250,30000,0,35735
1251,30024,0,35735
1252,30048,0,35735
1253,30072,0,35735
1254,30096,0,35735
1255,30120,0,35735
1256,30144,0,35735
1257,30168,0,35735
1258,30192,0,35735
1259,30216,0,35735
1260,30240,0,35735
1261,30264,0,35735
1262,30288,0,35735
1263,30312,0,35735
1264,30336,0,35735
1265,30360,0,35735
1266,30384,0,35735
1267,30408,0,35735
1268,30432,0,35735
1269,30456,0,35735
1270,30480,0,35735
1271,30504,0,35735
1272,30528,0,35735
1273,30552,0,35735
1274,30576,0,35735
1275,30600,0,35735
1276,30624,0,35735
1277,30648,0,35735
1278,30672,0,35735
1279,30696,0,35735
1280,30720,0,35735
1281,30744,0,35735
1282,30768,0,35735
1283,30792,1,35735
1284,30816,1,35735
1285,30840,1,35735
1286,30864,1,35735
1287,30888,1,35735
1288,30912,1,35735
1289,30936,1,35735
1290,30960,1,35735
1291,30984,1,35735
1292,31008,1,35735
1293,31032,1,35735
1294,31056,1,35735
1295,31080,1,35735
1296,31104,1,35735
1297,31128,1,35735
1298,31152,1,35735
1299,31176,1,35735
1300,31200,0,35735
1301,31224,1,35735
1302,31248,1,35735
1303,31272,1,35735
1304,31296,1,35735
1305,31320,1,35735
1306,31344,1,35735
1307,31368,1,35735
1308,31392,1,35735
1309,31416,0,35735
1310,31440,0,35735
1311,31464,0,35735
1312,31488,0,35735
1313,31512,0,35735
1314,31536,0,35735
1315,31560,0,35735
1316,31584,0,35735
1317,31608,0,35735
1318,31632,0,35735
1319,31656,0,35735
1320,31680,0,35735
1321,31704,0,35735
1322,31728,1,35735
1323,31752,1,35735
1324,31776,1,35735
1325,31800,0,35735
1326,31824,0,35735
1327,31848,1,35735
1328,31872,1,35735
1329,31896,1,35735
1330,31920,0,35735
1331,31944,0,35735
1332,31968,0,35735
1333,31992,0,35735
1334,32016,1,35735
1335,32040,1,35735
1336,32064,0,35735
1337,32088,0,35735
1338,32112,0,35735
1339,32136,0,35735
1340,32160,0,35735
1341,32184,0,35735
1342,32208,1,35735
1343,32232,0,35735
1344,32256,0,35735
1345,32280,0,35735
1346,32304,0,35735
1347,32328,0,35735
1348,32352,1,35735
1349,32376,1,35735
1350,32400,1,35735
1351,32424,1,35735
1352,32448,0,35735
1353,32472,0,35735
1354,32496,1,35735
1355,32520,1,35735
1356,32544,0,35735
1357,32568,0,35735
1358,32592,0,35735
1359,32616,0,35735
1360,32640,0,35735
1361,32664,0,35735
1362,32688,0,35735
1363,32712,0,35735
1364,32736,0,35735
1365,32760,0,35735
1366,32784,0,35735
1367,32808,0,35735
1368,32832,0,35735
1369,32856,0,35735
1370,32880,0,35735
1371,32904,0,35735
1372,32928,0,35735
1373,32952,0,35735
1374,32976,0,35735
1375,33000,0,35735
1376,33024,0,35735
1377,33048,0,35735
1378,33072,0,35735
1379,33096,0,35735
1380,33120,0,35735
1381,33144,0,35735
1382,33168,0,35735
1383,33192,1,35735
1384,33216,0,35735
1385,33240,0,35735
1386,33264,1,35735
1387,33288,1,35735
1388,33312,0,35735
1389,33336,1,35735
1390,33360,1,35735
1391,33384,0,35735
1392,33408,0,35735
1393,33432,0,35735
1394,33456,1,35735
1395,33480,0,35735
1396,33504,1,35735
1397,33528,1,35735
1398,33552,0,35735
1399,33576,0,35735
1400,33600,0,35735
1401,33624,0,35735
1402,33648,0,35735
1403,33672,0,35735
1404,33696,0,35735
1405,33720,0,35735
1406,33744,0,35735
1407,33768,0,35735
1408,33792,0,35735
1409,33816,0,35735
1410,33840,0,35735
1411,33864,0,35735
1412,33888,0,35735
1413,33912,0,35735
1414,33936,0,35735
1415,33960,1,35735
1416,33984,1,35735
1417,34008,1,35735
1418,34032,0,35735
1419,34056,0,35735
1420,34080,0,35735
1421,34104,0,35735
1422,34128,1,35735
1423,34152,1,35735
1424,34176,0,35735
1425,34200,0,35735
1426,34224,1,35735
1427,34248,0,35735
1428,34272,1,35735
1429,34296,0,35735
1430,34320,0,35735
1431,34344,0,35735
1432,34368,0,35735
1433,34392,0,35735
1434,34416,0,35735
1435,34440,0,35735
1436,34464,0,35735
1437,34488,0,35735
1438,34512,0,35735
1439,34536,0,35735
1440,34560,0,35735
1441,34584,0,35735
1442,34608,0,35735
1443,34632,0,35735
1444,34656,0,35735
1445,34680,0,35735
1446,34704,0,35735
1447,34728,0,35735
1448,34752,0,35735
1449,34776,0,35735
1450,34800,0,35735
1451,34824,0,35735
1452,34848,0,35735
1453,34872,0,35735
1454,34896,0,35735
1455,34920,0,35735
1456,34944,0,35735
1457,34968,0,35735
1458,34992,0,35735
1459,35016,0,35735
1460,35040,0,35735
1461,35064,0,35735
1462,35088,0,35735
1463,35112,0,35735
1464,35136,0,35735
1465,35160,0,35735
1466,35184,0,35735
1467,35208,0,35735
1468,35232,0,35735
1469,35256,0,35735
1470,35280,0,35735
1471,35304,0,35735
1472,35328,0,35735
1473,35352,0,35735
1474,35376,0,35735
1475,35400,0,35735
1476,35424,1,35735
1477,35448,1,35735
1478,35472,1,35735
1479,35496,1,35735
1480,35520,1,35735
1481,35544,1,35735
1482,35568,0,35735
1483,35592,0,35735
1484,35616,0,35735
1485,35640,0,35735
1486,35664,0,35735
1487,35688,0,35735
1488,35712,0,35735
1489,35736,0,35735
1490,35760,0,35735
1491,35784,0,35735
1492,35808,0,35735
1493,35832,0,35735
1494,35856,0,35735
1495,35880,0,35735
1496,35904,0,35735
1497,35928,0,35735
1498,35952,0,35735
1499,35976,0,35735
1500,36000,1,35735
1501,36024,0,35735
1502,36048,0,35735
1503,36072,0,35735
1504,36096,0,35735
1505,36120,1,35735
1506,36144,1,35735
1507,36168,1,35735
1508,36192,0,35735
1509,36216,0,35735
1510,36240,0,35735
1511,36264,0,35735
1512,36288,0,35735
1513,36312,0,35735
1514,36336,0,35735
1515,36360,0,35735
1516,36384,0,35735
1517,36408,1,35735
1518,36432,1,35735
1519,36456,0,35735
1520,36480,0,35735
1521,36504,0,35735
1522,36528,0,35735
1523,36552,0,35735
1524,36576,0,35735
1525,36600,0,35735
1526,36624,0,35735
1527,36648,0,35735
1528,36672,0,35735
1529,36696,0,35735
1530,36720,0,35735
1531,36744,0,35735
1532,36768,0,35735
1533,36792,0,35735
1534,36816,0,35735
1535,36840,0,35735
1536,36864,0,35735
1537,36888,0,35735
1538,36912,0,35735
1539,36936,0,35735
1540,36960,0,35735
1541,36984,0,35735
1542,37008,0,35735
1543,37032,0,35735
1544,37056,0,35735
1545,37080,0,35735
1546,37104,0,35735
1547,37128,0,35735
1548,37152,0,35735
1549,37176,0,35735
1550,37200,0,35735
1551,37224,0,35735
1552,37248,0,35735
1553,37272,0,35735
1554,37296,0,35735
1555,37320,0,35735
1556,37344,1,35735
1557,37368,1,35735
1558,37392,1,35735
1559,37416,1,35735
1560,37440,1,35735
1561,37464,1,35735
1562,37488,0,35735
1563,37512,1,35735
1564,37536,1,35735
1565,37560,0,35735
1566,37584,0,35735
1567,37608,0,35735
1568,37632,0,35735
1569,37656,1,35735
1570,37680,0,35735
1571,37704,0,35735
1572,37728,0,35735
1573,37752,0,35735
1574,37776,0,35735
1575,37800,0,35735
1576,37824,0,35735
1577,37848,0,35735
1578,37872,0,35735
1579,37896,0,35735
1580,37920,0,35735
1581,37944,0,35735
1582,37968,0,35735
1583,37992,0,35735
1584,38016,0,35735
1585,38040,0,35735
1586,38064,0,35735
1587,38088,0,35735
1588,38112,0,35735
1589,38136,0,35735
1590,38160,0,35735
1591,38184,0,35735
1592,38208,0,35735
1593,38232,0,35735
1594,38256,0,35735
1595,38280,0,35735
1596,38304,0,35735
1597,38328,0,35735
1598,38352,0,35735
1599,38376,0,35735
1600,38400,0,35735
1601,38424,0,35735
1602,38448,0,35735
1603,38472,0,35735
1604,38496,0,35735
1605,38520,0,35735
1606,38544,0,35735
1607,38568,0,35735
1608,38592,1,35735
1609,38616,0,35735
1610,38640,0,35735
1611,38664,0,35735
1612,38688,0,35735
1613,38712,0,35735
1614,38736,0,35735
1615,38760,0,35735
1616,38784,0,35735
1617,38808,0,35735
1618,38832,0,35735
1619,38856,0,35735
1620,38880,0,35735
1621,38904,0,35735
1622,38928,0,35735
1623,38952,0,35735
1624,38976,0,35735
1625,39000,0,35735
1626,39024,0,35735
1627,39048,0,35735
1628,39072,0,35735
1629,39096,0,35735
1630,39120,0,35735
1631,39144,0,35735
1632,39168,0,35735
1633,39192,0,35735
1634,39216,0,35735
1635,39240,1,35735
1636,39264,1,35735
1637,39288,1,35735
1638,39312,0,35735
1639,39336,0,35735
1640,39360,0,35735
1641,39384,0,35735
1642,39408,0,35735
1643,39432,0,35735
1644,39456,0,35735
1645,39480,0,35735
1646,39504,0,35735
1647,39528,0,35735
1648,39552,0,35735
1649,39576,0,35735
1650,39600,0,35735
1651,39624,0,35735
1652,39648,0,35735
1653,39672,0,35735
1654,39696,0,35735
1655,39720,0,35735
1656,39744,0,35735
1657,39768,0,35735
1658,39792,0,35735
1659,39816,0,35735
1660,39840,0,35735
1661,39864,0,35735
1662,39888,0,35735
1663,39912,0,35735
1664,39936,0,35735
1665,39960,0,35735
1666,39984,0,35735
1667,40008,0,35735
1668,40032,0,35735
1669,40056,0,35735
1670,40080,0,35735
1671,40104,0,35735
1672,40128,0,35735
1673,40152,0,35735
1674,40176,0,35735
1675,40200,0,35735
1676,40224,0,35735
1677,40248,0,35735
1678,40272,0,35735
1679,40296,0,35735
1680,40320,0,35735
1681,40344,0,35735
1682,40368,0,35735
1683,40392,0,35735
1684,40416,0,35735
1685,40440,0,35735
1686,40464,0,35735
1687,40488,0,35735
1688,40512,0,35735
1689,40536,0,35735
1690,40560,0,35735
1691,40584,0,35735
1692,40608,0,35735
1693,40632,0,35735
1694,40656,0,35735
1695,40680,0,35735
1696,40704,0,35735
1697,40728,0,35735
1698,40752,0,35735
1699,40776,0,35735
1700,40800,0,35735
1701,40824,0,35735
1702,40848,0,35735
1703,40872,0,35735
1704,40896,0,35735
1705,40920,0,35735
1706,40944,0,35735
1707,40968,0,35735
1708,40992,0,35735
1709,41016,0,35735
1710,41040,0,35735
1711,41064,0,35735
1712,41088,0,35735
1713,41112,0,35735
1714,41136,0,35735
1715,41160,0,35735
1716,41184,0,35735
1717,41208,0,35735
1718,41232,0,35735
1719,41256,0,35735
1720,41280,0,35735
1721,41304,0,35735
1722,41328,0,35735
1723,41352,0,35735
1724,41376,0,35735
1725,41400,0,35735
1726,41424,0,35735
1727,41448,0,35735
1728,41472,0,35735
1729,41496,0,35735
1730,41520,0,35735
1731,41544,0,35735
1732,41568,0,35735
1733,41592,0,35735
1734,41616,0,35735
1735,41640,0,35735
1736,41664,0,35735
1737,41688,0,35735
1738,41712,0,35735
1739,41736,0,35735
1740,41760,0,35735
1741,41784,0,35735
1742,41808,0,35735
1743,41832,0,35735
1744,41856,0,35735
1745,41880,0,35735
1746,41904,0,35735
1747,41928,0,35735
1748,41952,0,35735
1749,41976,0,35735
1750,42000,0,35735
1751,42024,0,35735
1752,42048,0,35735
1753,42072,0,35735
1754,42096,0,35735
1755,42120,0,35735
1756,42144,0,35735
1757,42168,0,35735
1758,42192,0,35735
1759,42216,0,35735
1760,42240,0,35735
1761,42264,0,35735
1762,42288,0,35735
1763,42312,0,35735
1764,42336,0,35735
1765,42360,0,35735
1766,42384,0,35735
1767,42408,0,35735
1768,42432,0,35735
1769,42456,0,35735
1770,42480,0,35735
1771,42504,0,35735
1772,42528,0,35735
1773,42552,0,35735
1774,42576,0,35735
1775,42600,0,35735
1776,42624,0,35735
1777,42648,0,35735
1778,42672,0,35735
1779,42696,0,35735
1780,42720,0,35735
1781,42744,0,35735
1782,42768,0,35735
1783,42792,0,35735
1784,42816,0,35735
1785,42840,0,35735
1786,42864,0,35735
1787,42888,0,35735
1788,42912,0,35735
1789,42936,0,35735
1790,42960,0,35735
1791,42984,0,35735
1792,43008,0,35735
1793,43032,0,35735
1794,43056,0,35735
1795,43080,0,35735
1796,43104,0,35735
1797,43128,0,35735
1798,43152,0,35735
1799,43176,0,35735
1800,43200,0,35735
1801,43224,0,35735
1802,43248,0,35735
1803,43272,0,35735
1804,43296,0,35735
1805,43320,0,35735
1806,43344,0,35735
1807,43368,0,35735
1808,43392,0,35735
1809,43416,0,35735
1810,43440,0,35735
1811,43464,0,35735
1812,43488,0,35735
1813,43512,0,35735
1814,43536,0,35735
1815,43560,0,35735
1816,43584,0,35735
1817,43608,0,35735
1818,43632,0,35735
1819,43656,0,35735
1820,43680,0,35735
1821,43704,0,35735
1822,43728,0,35735
1823,43752,0,35735
1824,43776,0,35735
1825,43800,0,35735
1826,43824,0,35735
1827,43848,0,35735
1828,43872,0,35735
1829,43896,1,35735
1830,43920,1,35735
1831,43944,1,35735
1832,43968,0,35735
1833,43992,0,35735
1834,44016,0,35735
1835,44040,0,35735
1836,44064,0,35735
1837,44088,0,35735
1838,44112,0,35735
1839,44136,0,35735
1840,44160,0,35735
1841,44184,0,35735
1842,44208,0,35735
1843,44232,0,35735
1844,44256,0,35735
1845,44280,0,35735
1846,44304,0,35735
1847,44328,0,35735
1848,44352,0,35735
1849,44376,0,35735
1850,44400,0,35735
1851,44424,0,35735
1852,44448,0,35735
1853,44472,0,35735
1854,44496,0,35735
1855,44520,0,35735
1856,44544,0,35735
1857,44568,0,35735
1858,44592,0,35735
1859,44616,0,35735
1860,44640,0,35735
1861,44664,0,35735
1862,44688,0,35735
1863,44712,0,35735
1864,44736,0,35735
1865,44760,0,35735
1866,44784,0,35735
1867,44808,0,35735
1868,44832,0,35735
1869,44856,0,35735
1870,44880,0,35735
1871,44904,0,35735
1872,44928,0,35735
1873,44952,0,35735
1874,44976,0,35735
1875,45000,0,35735
1876,45024,0,35735
1877,45048,0,35735
1878,45072,0,35735
1879,45096,0,35735
1880,45120,0,35735
1881,45144,0,35735
1882,45168,0,35735
1883,45192,0,35735
1884,45216,0,35735
1885,45240,0,35735
1886,45264,0,35735
1887,45288,0,35735
1888,45312,0,35735
1889,45336,0,35735
1890,45360,0,35735
1891,45384,0,35735
1892,45408,0,35735
1893,45432,0,35735
1894,45456,0,35735
1895,45480,0,35735
1896,45504,0,35735
1897,45528,0,35735
1898,45552,0,35735
1899,45576,0,35735
1900,45600,0,35735
1901,45624,0,35735
1902,45648,0,35735
1903,45672,0,35735
1904,45696,0,35735
1905,45720,0,35735
1906,45744,0,35735
1907,45768,0,35735
1908,45792,0,35735
1909,45816,0,35735
1910,45840,0,35735
1911,45864,0,35735
1912,45888,0,35735
1913,45912,0,35735
1914,45936,0,35735
1915,45960,0,35735
1916,45984,0,35735
1917,46008,0,35735
1918,46032,0,35735
1919,46056,0,35735
1920,46080,0,35735
1921,46104,0,35735
1922,46128,0,35735
1923,46152,0,35735
1924,46176,0,35735
1925,46200,1,35735
1926,46224,0,35735
1927,46248,0,35735
1928,46272,0,35735
1929,46296,0,35735
1930,46320,0,35735
1931,46344,0,35735
1932,46368,0,35735
1933,46392,0,35735
1934,46416,0,35735
1935,46440,0,35735
1936,46464,0,35735
1937,46488,0,35735
1938,46512,0,35735
1939,46536,0,35735
1940,46560,0,35735
1941,46584,0,35735
1942,46608,0,35735
1943,46632,0,35735
1944,46656,0,35735
1945,46680,0,35735
1946,46704,0,35735
1947,46728,0,35735
1948,46752,0,35735
1949,46776,0,35735
1950,46800,0,35735
1951,46824,0,35735
1952,46848,0,35735
1953,46872,0,35735
1954,46896,0,35735
1955,46920,0,35735
1956,46944,0,35735
1957,46968,0,35735
1958,46992,0,35735
1959,47016,0,35735
1960,47040,0,35735
1961,47064,0,35735
1962,47088,0,35735
1963,47112,0,35735
1964,47136,0,35735
1965,47160,0,35735
1966,47184,0,35735
1967,47208,0,35735
1968,47232,0,35735
1969,47256,0,35735
1970,47280,0,35735
1971,47304,0,35735
1972,47328,0,35735
1973,47352,0,35735
1974,47376,0,35735
1975,47400,0,35735
1976,47424,0,35735
1977,47448,0,35735
1978,47472,0,35735
1979,47496,0,35735
1980,47520,0,35735
1981,47544,0,35735
1982,47568,0,35735
1983,47592,0,35735
1984,47616,0,35735
1985,47640,0,35735
1986,47664,0,35735
1987,47688,0,35735
1988,47712,0,35735
1989,47736,0,35735
1990,47760,0,35735
1991,47784,0,35735
1992,47808,0,35735
1993,47832,0,35735
1994,47856,0,35735
1995,47880,0,35735
1996,47904,0,35735
1997,47928,0,35735
1998,47952,0,35735
1999,47976,0,35735
2000,48000,0,35735
2001,48024,0,35735
2002,48048,0,35735
2003,48072,0,35735
2004,48096,0,35735
2005,48120,0,35735
2006,48144,0,35735
2007,48168,0,35735
2008,48192,0,35735
2009,48216,0,35735
2010,48240,0,35735
2011,48264,0,35735
2012,48288,0,35735
2013,48312,0,35735
2014,48336,0,35735
2015,48360,0,35735
2016,48384,0,35735
2017,48408,0,35735
2018,48432,0,35735
2019,48456,0,35735
2020,48480,0,35735
2021,48504,0,35735
2022,48528,0,35735
2023,48552,0,35735
2024,48576,0,35735
2025,48600,0,35735
2026,48624,0,35735
2027,48648,0,35735
2028,48672,0,35735
2029,48696,0,35735
2030,48720,0,35735
2031,48744,0,35735
2032,48768,0,35735
2033,48792,0,35735
2034,48816,0,35735
2035,48840,0,35735
2036,48864,0,35735
2037,48888,0,35735
2038,48912,0,35735
2039,48936,0,35735
2040,48960,0,35735
2041,48984,0,35735
2042,49008,0,35735
2043,49032,0,35735
2044,49056,0,35735
2045,49080,0,35735
2046,49104,0,35735
2047,49128,0,35735
2048,49152,0,35735
2049,49176,0,35735
2050,49200,0,35735
2051,49224,0,35735
2052,49248,0,35735
2053,49272,0,35735
2054,49296,0,35735
2055,49320,0,35735
2056,49344,0,35735
2057,49368,0,35735
2058,49392,0,35735
2059,49416,0,35735
2060,49440,0,35735
2061,49464,0,35735
2062,49488,0,35735
2063,49512,0,35735
2064,49536,0,35735
2065,49560,0,35735
2066,49584,0,35735
2067,49608,0,35735
2068,49632,0,35735
2069,49656,0,35735
2070,49680,0,35735
2071,49704,0,35735
2072,49728,0,35735
2073,49752,0,35735
2074,49776,0,35735
2075,49800,0,35735
2076,49824,0,35735
2077,49848,0,35735
2078,49872,0,35735
2079,49896,0,35735
2080,49920,0,35735
2081,49944,0,35735
2082,49968,0,35735
2083,49992,0,35735
2084,50016,0,35735
2085,50040,0,35735
2086,50064,0,35735
2087,50088,0,35735
2088,50112,0,35735
2089,50136,0,35735
2090,50160,0,35735
2091,50184,0,35735
2092,50208,0,35735
2093,50232,0,35735
2094,50256,0,35735
2095,50280,0,35735
2096,50304,0,35735
2097,50328,0,35735
2098,50352,0,35735
2099,50376,0,35735
2100,50400,0,35735
2101,50424,0,35735
2102,50448,0,35735
2103,50472,0,35735
2104,50496,0,35735
2105,50520,0,35735
2106,50544,0,35735
2107,50568,0,35735
2108,50592,0,35735
2109,50616,0,35735
2110,50640,0,35735
2111,50664,0,35735
2112,50688,0,35735
2113,50712,1,35735
2114,50736,0,35735
2115,50760,0,35735
2116,50784,0,35735
2117,50808,0,35735
2118,50832,0,35735
2119,50856,0,35735
2120,50880,0,35735
2121,50904,0,35735
2122,50928,0,35735
2123,50952,0,35735
2124,50976,0,35735
2125,51000,0,35735
2126,51024,0,35735
2127,51048,0,35735
2128,51072,0,35735
2129,51096,0,35735
2130,51120,0,35735
2131,51144,0,35735
2132,51168,0,35735
2133,51192,0,35735
2134,51216,0,35735
2135,51240,0,35735
2136,51264,0,35735
2137,51288,0,35735
2138,51312,0,35735
2139,51336,0,35735
2140,51360,0,35735
2141,51384,0,35735
2142,51408,0,35735
2143,51432,0,35735
2144,51456,0,35735
2145,51480,0,35735
2146,51504,0,35735
2147,51528,0,35735
2148,51552,0,35735
2149,51576,0,35735
2150,51600,0,35735
2151,51624,0,35735
2152,51648,0,35735
2153,51672,0,35735
2154,51696,0,35735
2155,51720,0,35735
2156,51744,0,35735
2157,51768,0,35735
2158,51792,1,35735
2159,51816,1,35735
2160,51840,0,35735
2161,51864,0,35735
2162,51888,0,35735
2163,51912,0,35735
2164,51936,0,35735
2165,51960,0,35735
2166,51984,1,35735
2167,52008,1,35735
2168,52032,0,35735
2169,52056,0,35735
2170,52080,0,35735
2171,52104,0,35735
2172,52128,0,35735
2173,52152,0,35735
2174,52176,1,35735
2175,52200,0,35735
2176,52224,0,35735
2177,52248,0,35735
2178,52272,0,35735
2179,52296,0,35735
2180,52320,0,35735
2181,52344,0,35735
2182,52368,1,35735
2183,52392,1,35735
2184,52416,1,35735
2185,52440,0,35735
2186,52464,0,35735
2187,52488,0,35735
2188,52512,0,35735
2189,52536,0,35735
2190,52560,0,35735
2191,52584,0,35735
2192,52608,0,35735
2193,52632,0,35735
2194,52656,1,35735
2195,52680,1,35735
2196,52704,0,35735
2197,52728,0,35735
2198,52752,1,35735
2199,52776,1,35735
2200,52800,1,35735
2201,52824,0,35735
2202,52848,1,35735
2203,52872,0,35735
2204,52896,1,35735
2205,52920,1,35735
2206,52944,1,35735
2207,52968,1,35735
2208,52992,1,35735
2209,53016,1,35735
2210,53040,0,35735
2211,53064,1,35735
2212,53088,1,35735
2213,53112,0,35735
2214,53136,0,35735
2215,53160,1,35735
2216,53184,1,35735
2217,53208,0,35735
2218,53232,0,35735
2219,53256,1,35735
2220,53280,0,35735
2221,53304,0,35735
2222,53328,0,35735
2223,53352,0,35735
2224,53376,0,35735
2225,53400,0,35735
2226,53424,0,35735
2227,53448,0,35735
2228,53472,0,35735
2229,53496,0,35735
2230,53520,0,35735
2231,53544,0,35735
2232,53568,0,35735
2233,53592,0,35735
2234,53616,0,35735
2235,53640,0,35735
2236,53664,0,35735
2237,53688,0,35735
2238,53712,0,35735
2239,53736,0,35735
2240,53760,0,35735
2241,53784,0,35735
2242,53808,0,35735
2243,53832,0,35735
2244,53856,0,35735
2245,53880,0,35735
2246,53904,0,35735
2247,53928,0,35735
2248,53952,0,35735
2249,53976,0,35735
2250,54000,0,35735
2251,54024,0,35735
2252,54048,0,35735
2253,54072,0,35735
2254,54096,0,35735
2255,54120,0,35735
2256,54144,0,35735
2257,54168,0,35735
2258,54192,0,35735
2259,54216,0,35735
2260,54240,0,35735
2261,54264,0,35735
2262,54288,0,35735
2263,54312,0,35735
2264,54336,0,35735
2265,54360,0,35735
2266,54384,0,35735
2267,54408,0,35735
2268,54432,0,35735
2269,54456,0,35735
2270,54480,0,35735
2271,54504,0,35735
2272,54528,0,35735
2273,54552,0,35735
2274,54576,0,35735
2275,54600,0,35735
2276,54624,0,35735
2277,54648,0,35735
2278,54672,0,35735
2279,54696,0,35735
2280,54720,0,35735
2281,54744,0,35735
2282,54768,0,35735
2283,54792,0,35735
2284,54816,0,35735
2285,54840,0,35735
2286,54864,0,35735
2287,54888,0,35735
2288,54912,0,35735
2289,54936,1,35735
2290,54960,0,35735
2291,54984,1,35735
2292,55008,0,35735
2293,55032,0,35735
2294,55056,0,35735
2295,55080,0,35735
2296,55104,0,35735
2297,55128,0,35735
2298,55152,0,35735
2299,55176,0,35735
2300,55200,0,35735
2301,55224,0,35735
2302,55248,0,35735
2303,55272,0,35735
2304,55296,0,35735
2305,55320,0,35735
2306,55344,0,35735
2307,55368,0,35735
2308,55392,0,35735
2309,55416,0,35735
2310,55440,0,35735
2311,55464,0,35735
2312,55488,0,35735
2313,55512,0,35735
2314,55536,0,35735
2315,55560,0,35735
2316,55584,0,35735
2317,55608,0,35735
2318,55632,0,35735
2319,55656,0,35735
2320,55680,0,35735
2321,55704,0,35735
2322,55728,1,35735
2323,55752,0,35735
2324,55776,0,35735
2325,55800,0,35735
2326,55824,0,35735
2327,55848,0,35735
2328,55872,0,35735
2329,55896,0,35735
2330,55920,0,35735
2331,55944,0,35735
2332,55968,0,35735
2333,55992,0,35735
2334,56016,0,35735
2335,56040,0,35735
2336,56064,0,35735
2337,56088,0,35735
2338,56112,0,35735
2339,56136,0,35735
2340,56160,0,35735
2341,56184,0,35735
2342,56208,0,35735
2343,56232,0,35735
2344,56256,0,35735
2345,56280,0,35735
2346,56304,0,35735
2347,56328,0,35735
2348,56352,0,35735
2349,56376,0,35735
2350,56400,1,35735
2351,56424,0,35735
2352,56448,1,35735
2353,56472,0,35735
2354,56496,0,35735
2355,56520,1,35735
2356,56544,0,35735
2357,56568,1,35735
2358,56592,1,35735
2359,56616,1,35735
2360,56640,0,35735
2361,56664,0,35735
2362,56688,0,35735
2363,56712,0,35735
2364,56736,0,35735
2365,56760,0,35735
2366,56784,0,35735
2367,56808,0,35735
2368,56832,0,35735
2369,56856,0,35735
2370,56880,0,35735
2371,56904,1,35735
2372,56928,1,35735
2373,56952,1,35735
2374,56976,1,35735
2375,57000,0,35735
2376,57024,1,35735
2377,57048,1,35735
2378,57072,1,35735
2379,57096,0,35735
2380,57120,0,35735
2381,57144,0,35735
2382,57168,0,35735
2383,57192,0,35735
2384,57216,0,35735
2385,57240,0,35735
2386,57264,0,35735
2387,57288,0,35735
2388,57312,0,35735
2389,57336,0,35735
2390,57360,0,35735
2391,57384,0,35735
2392,57408,0,35735
2393,57432,0,35735
2394,57456,0,35735
2395,57480,0,35735
2396,57504,0,35735
2397,57528,0,35735
2398,57552,0,35735
2399,57576,0,35735
2400,57600,0,35735
2401,57624,0,35735
2402,57648,0,35735
2403,57672,0,35735
2404,57696,0,35735
2405,57720,0,35735
2406,57744,0,35735
2407,57768,0,35735
2408,57792,1,35735
2409,57816,1,35735
2410,57840,1,35735
2411,57864,1,35735
2412,57888,1,35735
2413,57912,1,35735
2414,57936,0,35735
2415,57960,0,35735
2416,57984,0,35735
2417,58008,0,35735
2418,58032,0,35735
2419,58056,0,35735
2420,58080,0,35735
2421,58104,1,35735
2422,58128,0,35735
2423,58152,1,35735
2424,58176,1,35735
2425,58200,0,35735
2426,58224,0,35735
2427,58248,0,35735
2428,58272,0,35735
2429,58296,0,35735
2430,58320,1,35735
2431,58344,1,35735
2432,58368,1,35735
2433,58392,1,35735
2434,58416,0,35735
2435,58440,0,35735
2436,58464,0,35735
2437,58488,0,35735
2438,58512,0,35735
2439,58536,0,35735
2440,58560,0,35735
2441,58584,0,35735
2442,58608,0,35735
2443,58632,0,35735
2444,58656,0,35735
2445,58680,0,35735
2446,58704,0,35735
2447,58728,0,35735
2448,58752,0,35735
2449,58776,0,35735
2450,58800,0,35735
2451,58824,0,35735
2452,58848,0,35735
2453,58872,0,35735
2454,58896,0,35735
2455,58920,0,35735
2456,58944,0,35735
2457,58968,0,35735
2458,58992,0,35735
2459,59016,0,35735
2460,59040,0,35735
2461,59064,0,35735
2462,59088,0,35735
2463,59112,0,35735
2464,59136,0,35735
2465,59160,0,35735
2466,59184,0,35735
2467,59208,0,35735
2468,59232,0,35735
2469,59256,0,35735
2470,59280,0,35735
2471,59304,0,35735
2472,59328,0,35735
2473,59352,0,35735
2474,59376,0,35735
2475,59400,0,35735
2476,59424,0,35735
2477,59448,0,35735
2478,59472,0,35735
2479,59496,0,35735
2480,59520,1,35735
2481,59544,0,35735
2482,59568,1,35735
2483,59592,0,35735
2484,59616,0,35735
2485,59640,0,35735
2486,59664,0,35735
2487,59688,0,35735
2488,59712,0,35735
2489,59736,0,35735
2490,59760,0,35735
2491,59784,0,35735
2492,59808,0,35735
2493,59832,0,35735
2494,59856,0,35735
2495,59880,0,35735
2496,59904,0,35735
2497,59928,0,35735
2498,59952,0,35735
2499,59976,0,35735
2500,60000,0,35735
2501,60024,0,35735
2502,60048,0,35735
2503,60072,0,35735
2504,60096,0,35735
2505,60120,0,35735
2506,60144,0,35735
2507,60168,0,35735
2508,60192,0,35735
2509,60216,0,35735
2510,60240,0,35735
2511,60264,0,35735
2512,60288,0,35735
2513,60312,0,35735
2514,60336,0,35735
2515,60360,0,35735
2516,60384,0,35735
2517,60408,0,35735
2518,60432,0,35735
2519,60456,0,35735
2520,60480,0,35735
2521,60504,0,35735
2522,60528,0,35735
2523,60552,0,35735
2524,60576,0,35735
2525,60600,0,35735
2526,60624,0,35735
2527,60648,0,35735
2528,60672,0,35735
2529,60696,0,35735
2530,60720,0,35735
2531,60744,0,35735
2532,60768,0,35735
2533,60792,0,35735
2534,60816,0,35735
2535,60840,0,35735
2536,60864,0,35735
2537,60888,0,35735
2538,60912,0,35735
2539,60936,0,35735
2540,60960,0,35735
2541,60984,0,35735
2542,61008,0,35735
2543,61032,0,35735
2544,61056,0,35735
2545,61080,0,35735
2546,61104,0,35735
2547,61128,0,35735
2548,61152,0,35735
2549,61176,0,35735
2550,61200,0,35735
2551,61224,0,35735
2552,61248,0,35735
2553,61272,0,35735
2554,61296,0,35735
2555,61320,0,35735
2556,61344,1,35735
2557,61368,0,35735
2558,61392,0,35735
2559,61416,1,35735
2560,61440,0,35735
2561,61464,0,35735
2562,61488,0,35735
2563,61512,0,35735
2564,61536,0,35735
2565,61560,0,35735
2566,61584,0,35735
2567,61608,0,35735
2568,61632,0,35735
2569,61656,0,35735
2570,61680,0,35735
2571,61704,0,35735
2572,61728,0,35735
2573,61752,0,35735
2574,61776,0,35735
2575,61800,0,35735
2576,61824,0,35735
2577,61848,0,35735
2578,61872,0,35735
2579,61896,1,35735
2580,61920,1,35735
2581,61944,0,35735
2582,61968,0,35735
2583,61992,0,35735
2584,62016,1,35735
2585,62040,0,35735
2586,62064,0,35735
2587,62088,0,35735
2588,62112,0,35735
2589,62136,0,35735
2590,62160,0,35735
2591,62184,0,35735
2592,62208,1,35735
2593,62232,1,35735
2594,62256,0,35735
2595,62280,0,35735
2596,62304,0,35735
2597,62328,0,35735
2598,62352,0,35735
2599,62376,0,35735
2600,62400,0,35735
2601,62424,0,35735
2602,62448,0,35735
2603,62472,0,35735
2604,62496,0,35735
2605,62520,0,35735
2606,62544,0,35735
2607,62568,0,35735
2608,62592,0,35735
2609,62616,0,35735
2610,62640,0,35735
2611,62664,0,35735
2612,62688,0,35735
2613,62712,0,35735
2614,62736,0,35735
2615,62760,0,35735
2616,62784,0,35735
2617,62808,0,35735
2618,62832,0,35735
2619,62856,1,35735
2620,62880,1,35735
2621,62904,1,35735
2622,62928,1,35735
2623,62952,1,35735
2624,62976,1,35735
2625,63000,1,35735
2626,63024,1,35735
2627,63048,0,35735
2628,63072,0,35735
2629,63096,0,35735
2630,63120,0,35735
2631,63144,0,35735
2632,63168,1,35735
2633,63192,1,35735
2634,63216,1,35735
2635,63240,1,35735
2636,63264,1,35735
2637,63288,1,35735
2638,63312,1,35735
2639,63336,1,35735
2640,63360,1,35735
2641,63384,1,35735
2642,63408,1,35735
2643,63432,1,35735
2644,63456,1,35735
2645,63480,1,35735
2646,63504,1,35735
2647,63528,1,35735
2648,63552,1,35735
2649,63576,0,35735
2650,63600,0,35735
2651,63624,0,35735
2652,63648,0,35735
2653,63672,0,35735
2654,63696,0,35735
2655,63720,0,35735
2656,63744,0,35735
2657,63768,0,35735
2658,63792,0,35735
2659,63816,0,35735
2660,63840,0,35735
2661,63864,0,35735
2662,63888,0,35735
2663,63912,0,35735
2664,63936,0,35735
2665,63960,1,35735
2666,63984,1,35735
2667,64008,0,35735
2668,64032,0,35735
2669,64056,1,35735
2670,64080,0,35735
2671,64104,0,35735
2672,64128,0,35735
2673,64152,0,35735
2674,64176,0,35735
2675,64200,0,35735
2676,64224,0,35735
2677,64248,0,35735
2678,64272,0,35735
2679,64296,0,35735
2680,64320,0,35735
2681,64344,0,35735
2682,64368,0,35735
2683,64392,0,35735
2684,64416,0,35735
2685,64440,0,35735
2686,64464,0,35735
2687,64488,0,35735
2688,64512,0,35735
2689,64536,0,35735
2690,64560,0,35735
2691,64584,0,35735
2692,64608,0,35735
2693,64632,0,35735
2694,64656,0,35735
2695,64680,0,35735
2696,64704,0,35735
2697,64728,0,35735
2698,64752,0,35735
2699,64776,0,35735
2700,64800,0,35735
2701,64824,0,35735
2702,64848,1,35735
2703,64872,0,35735
2704,64896,1,35735
2705,64920,1,35735
2706,64944,0,35735
2707,64968,1,35735
2708,64992,0,35735
2709,65016,0,35735
2710,65040,0,35735
2711,65064,0,35735
2712,65088,0,35735
2713,65112,0,35735
2714,65136,0,35735
2715,65160,1,35735
2716,65184,1,35735
2717,65208,1,35735
2718,65232,0,35735
2719,65256,0,35735
2720,65280,0,35735
2721,65304,1,35735
2722,65328,1,35735
2723,65352,0,35735
2724,65376,0,35735
2725,65400,1,35735
2726,65424,0,35735
2727,65448,1,35735
2728,65472,0,35735
2729,65496,0,35735
2730,65520,0,35735
2731,65544,0,35735
2732,65568,0,35735
2733,65592,0,35735
2734,65616,0,35735
2735,65640,0,35735
2736,65664,0,35735
2737,65688,0,35735
2738,65712,0,35735
2739,65736,0,35735
2740,65760,0,35735
2741,65784,0,35735
2742,65808,0,35735
2743,65832,0,35735
2744,65856,0,35735
2745,65880,0,35735
2746,65904,0,35735
2747,65928,1,35735
2748,65952,1,35735
2749,65976,1,35735
2750,66000,1,35735
2751,66024,1,35735
2752,66048,1,35735
2753,66072,0,35735
2754,66096,0,35735
2755,66120,0,35735
2756,66144,0,35735
2757,66168,1,35735
2758,66192,1,35735
2759,66216,1,35735
2760,66240,1,35735
2761,66264,1,35735
2762,66288,1,35735
2763,66312,1,35735
2764,66336,1,35735
2765,66360,1,35735
2766,66384,1,35735
2767,66408,1,35735
2768,66432,1,35735
2769,66456,1,35735
2770,66480,0,35735
2771,66504,0,35735
2772,66528,0,35735
2773,66552,0,35735
2774,66576,0,35735
2775,66600,0,35735
2776,66624,0,35735
2777,66648,1,35735
2778,66672,1,35735
2779,66696,1,35735
2780,66720,1,35735
2781,66744,1,35735
2782,66768,1,35735
2783,66792,1,35735
2784,66816,1,35735
2785,66840,1,35735
2786,66864,1,35735
2787,66888,0,35735
2788,66912,0,35735
2789,66936,0,35735
2790,66960,0,35735
2791,66984,0,35735
2792,67008,0,35735
2793,67032,0,35735
2794,67056,0,35735
2795,67080,0,35735
2796,67104,0,35735
2797,67128,1,35735
2798,67152,1,35735
2799,67176,0,35735
2800,67200,0,35735
2801,67224,0,35735
2802,67248,0,35735
2803,67272,0,35735
2804,67296,0,35735
2805,67320,0,35735
2806,67344,0,35735
2807,67368,0,35735
2808,67392,0,35735
2809,67416,0,35735
2810,67440,0,35735
2811,67464,0,35735
2812,67488,0,35735
2813,67512,0,35735
2814,67536,0,35735
2815,67560,0,35735
2816,67584,0,35735
2817,67608,0,35735
2818,67632,0,35735
2819,67656,0,35735
2820,67680,0,35735
2821,67704,0,35735
2822,67728,0,35735
2823,67752,0,35735
2824,67776,0,35735
2825,67800,0,35735
2826,67824,0,35735
2827,67848,0,35735
2828,67872,0,35735
2829,67896,0,35735
2830,67920,0,35735
2831,67944,0,35735
2832,67968,0,35735
2833,67992,0,35735
2834,68016,0,35735
2835,68040,0,35735
2836,68064,0,35735
2837,68088,0,35735
2838,68112,0,35735
2839,68136,0,35735
2840,68160,0,35735
2841,68184,0,35735
2842,68208,0,35735
2843,68232,0,35735
2844,68256,0,35735
2845,68280,0,35735
2846,68304,0,35735
2847,68328,0,35735
2848,68352,0,35735
2849,68376,0,35735
2850,68400,0,35735
2851,68424,0,35735
2852,68448,0,35735
2853,68472,0,35735
2854,68496,0,35735
2855,68520,0,35735
2856,68544,0,35735
2857,68568,0,35735
2858,68592,0,35735
2859,68616,0,35735
2860,68640,0,35735
2861,68664,0,35735
2862,68688,0,35735
2863,68712,0,35735
2864,68736,0,35735
2865,68760,0,35735
2866,68784,0,35735
2867,68808,0,35735
2868,68832,0,35735
2869,68856,0,35735
2870,68880,0,35735
2871,68904,0,35735
2872,68928,0,35735
2873,68952,0,35735
2874,68976,0,35735
2875,69000,0,35735
2876,69024,0,35735
2877,69048,0,35735
2878,69072,1,35735
2879,69096,1,35735
2880,69120,1,35735
2881,69144,0,35735
2882,69168,0,35735
2883,69192,0,35735
2884,69216,0,35735
2885,69240,0,35735
2886,69264,0,35735
2887,69288,0,35735
2888,69312,0,35735
2889,69336,0,35735
2890,69360,0,35735
2891,69384,0,35735
2892,69408,0,35735
2893,69432,0,35735
2894,69456,0,35735
2895,69480,0,35735
2896,69504,1,35735
2897,69528,0,35735
2898,69552,0,35735
2899,69576,0,35735
2900,69600,0,35735
2901,69624,0,35735
2902,69648,0,35735
2903,69672,0,35735
2904,69696,0,35735
2905,69720,0,35735
2906,69744,0,35735
2907,69768,0,35735
2908,69792,0,35735
2909,69816,0,35735
2910,69840,1,35735
2911,69864,1,35735
2912,69888,1,35735
2913,69912,1,35735
2914,69936,1,35735
2915,69960,1,35735
2916,69984,0,35735
2917,70008,0,35735
2918,70032,0,35735
2919,70056,0,35735
2920,70080,0,35735
2921,70104,0,35735
2922,70128,0,35735
2923,70152,0,35735
2924,70176,0,35735
2925,70200,1,35735
2926,70224,0,35735
2927,70248,0,35735
2928,70272,0,35735
2929,70296,0,35735
2930,70320,0,35735
2931,70344,0,35735
2932,70368,0,35735
2933,70392,0,35735
2934,70416,0,35735
2935,70440,0,35735
2936,70464,0,35735
2937,70488,0,35735
2938,70512,0,35735
2939,70536,0,35735
2940,70560,0,35735
2941,70584,0,35735
2942,70608,0,35735
2943,70632,0,35735
2944,70656,0,35735
2945,70680,0,35735
2946,70704,0,35735
2947,70728,0,35735
2948,70752,0,35735
2949,70776,0,35735
2950,70800,0,35735
2951,70824,0,35735
2952,70848,0,35735
2953,70872,0,35735
2954,70896,0,35735
2955,70920,0,35735
2956,70944,0,35735
2957,70968,0,35735
2958,70992,0,35735
2959,71016,0,35735
2960,71040,1,35735
2961,71064,0,35735
2962,71088,0,35735
2963,71112,0,35735
2964,71136,0,35735
2965,71160,0,35735
2966,71184,0,35735
2967,71208,0,35735
2968,71232,1,35735
2969,71256,1,35735
2970,71280,1,35735
2971,71304,1,35735
2972,71328,1,35735
2973,71352,0,35735
2974,71376,1,35735
2975,71400,1,35735
2976,71424,1,35735
2977,71448,1,35735
2978,71472,1,35735
2979,71496,1,35735
2980,71520,0,35735
2981,71544,0,35735
2982,71568,0,35735
2983,71592,0,35735
2984,71616,1,35735
2985,71640,0,35735
2986,71664,0,35735
2987,71688,0,35735
2988,71712,0,35735
2989,71736,0,35735
2990,71760,0,35735
2991,71784,0,35735
2992,71808,0,35735
2993,71832,0,35735
2994,71856,0,35735
2995,71880,0,35735
2996,71904,0,35735
2997,71928,0,35735
2998,71952,0,35735
2999,71976,0,35735
3000,72000,0,35735
3001,72024,0,35735
3002,72048,0,35735
3003,72072,0,35735
3004,72096,0,35735
3005,72120,0,35735
3006,72144,0,35735
3007,72168,0,35735
3008,72192,0,35735
3009,72216,0,35735
3010,72240,0,35735
3011,72264,0,35735
3012,72288,0,35735
3013,72312,0,35735
3014,72336,0,35735
3015,72360,0,35735
3016,72384,0,35735
3017,72408,0,35735
3018,72432,0,35735
3019,72456,0,35735
3020,72480,0,35735
3021,72504,0,35735
3022,72528,0,35735
3023,72552,0,35735
3024,72576,0,35735
3025,72600,0,35735
3026,72624,0,35735
3027,72648,0,35735
3028,72672,0,35735
3029,72696,0,35735
3030,72720,0,35735
3031,72744,0,35735
3032,72768,0,35735
3033,72792,0,35735
3034,72816,0,35735
3035,72840,0,35735
3036,72864,0,35735
3037,72888,0,35735
3038,72912,0,35735
3039,72936,0,35735
3040,72960,0,35735
3041,72984,0,35735
3042,73008,0,35735
3043,73032,0,35735
3044,73056,0,35735
3045,73080,0,35735
3046,73104,0,35735
3047,73128,0,35735
3048,73152,0,35735
3049,73176,0,35735
3050,73200,0,35735
3051,73224,0,35735
3052,73248,0,35735
3053,73272,0,35735
3054,73296,0,35735
3055,73320,0,35735
3056,73344,0,35735
3057,73368,0,35735
3058,73392,0,35735
3059,73416,0,35735
3060,73440,0,35735
3061,73464,0,35735
3062,73488,0,35735
3063,73512,0,35735
3064,73536,0,35735
3065,73560,0,35735
3066,73584,0,35735
3067,73608,0,35735
3068,73632,0,35735
3069,73656,0,35735
3070,73680,0,35735
3071,73704,0,35735
3072,73728,0,35735
3073,73752,0,35735
3074,73776,0,35735
3075,73800,0,35735
3076,73824,0,35735
3077,73848,0,35735
3078,73872,0,35735
3079,73896,0,35735
3080,73920,0,35735
3081,73944,0,35735
3082,73968,0,35735
3083,73992,0,35735
3084,74016,0,35735
3085,74040,0,35735
3086,74064,0,35735
3087,74088,0,35735
3088,74112,0,35735
3089,74136,0,35735
3090,74160,0,35735
3091,74184,0,35735
3092,74208,0,35735
3093,74232,0,35735
3094,74256,0,35735
3095,74280,0,35735
3096,74304,0,35735
3097,74328,0,35735
3098,74352,0,35735
3099,74376,0,35735
3100,74400,0,35735
3101,74424,0,35735
3102,74448,0,35735
3103,74472,0,35735
3104,74496,0,35735
3105,74520,0,35735
3106,74544,0,35735
3107,74568,0,35735
3108,74592,0,35735
3109,74616,0,35735
3110,74640,0,35735
3111,74664,0,35735
3112,74688,0,35735
3113,74712,0,35735
3114,74736,0,35735
3115,74760,0,35735
3116,74784,0,35735
3117,74808,0,35735
3118,74832,0,35735
3119,74856,0,35735
3120,74880,0,35735
3121,74904,0,35735
3122,74928,0,35735
3123,74952,0,35735
3124,74976,0,35735
3125,75000,0,35735
3126,75024,0,35735
3127,75048,0,35735
3128,75072,0,35735
3129,75096,0,35735
3130,75120,0,35735
3131,75144,0,35735
3132,75168,0,35735
3133,75192,0,35735
3134,75216,0,35735
3135,75240,0,35735
3136,75264,0,35735
3137,75288,0,35735
3138,75312,0,35735
3139,75336,0,35735
3140,75360,0,35735
3141,75384,0,35735
3142,75408,0,35735
3143,75432,0,35735
3144,75456,0,35735
3145,75480,0,35735
3146,75504,0,35735
3147,75528,0,35735
3148,75552,0,35735
3149,75576,0,35735
3150,75600,0,35735
3151,75624,0,35735
3152,75648,0,35735
3153,75672,0,35735
3154,75696,0,35735
3155,75720,0,35735
3156,75744,0,35735
3157,75768,0,35735
3158,75792,0,35735
3159,75816,0,35735
3160,75840,0,35735
3161,75864,0,35735
3162,75888,0,35735
3163,75912,0,35735
3164,75936,0,35735
3165,75960,0,35735
3166,75984,0,35735
3167,76008,0,35735
3168,76032,0,35735
3169,76056,0,35735
3170,76080,0,35735
3171,76104,0,35735
3172,76128,0,35735
3173,76152,0,35735
3174,76176,1,35735
3175,76200,0,35735
3176,76224,0,35735
3177,76248,0,35735
3178,76272,0,35735
3179,76296,0,35735
3180,76320,1,35735
3181,76344,1,35735
3182,76368,1,35735
3183,76392,1,35735
3184,76416,0,35735
3185,76440,1,35735
3186,76464,0,35735
3187,76488,1,35735
3188,76512,0,35735
3189,76536,0,35735
3190,76560,0,35735
3191,76584,0,35735
3192,76608,0,35735
3193,76632,0,35735
3194,76656,0,35735
3195,76680,0,35735
3196,76704,0,35735
3197,76728,0,35735
3198,76752,0,35735
3199,76776,0,35735
3200,76800,0,35735
3201,76824,0,35735
3202,76848,0,35735
3203,76872,0,35735
3204,76896,0,35735
3205,76920,0,35735
3206,76944,0,35735
3207,76968,0,35735
3208,76992,0,35735
3209,77016,0,35735
3210,77040,0,35735
3211,77064,0,35735
3212,77088,0,35735
3213,77112,0,35735
3214,77136,0,35735
3215,77160,0,35735
3216,77184,0,35735
3217,77208,0,35735
3218,77232,0,35735
3219,77256,0,35735
3220,77280,0,35735
3221,77304,0,35735
3222,77328,0,35735
3223,77352,0,35735
3224,77376,0,35735
3225,77400,0,35735
3226,77424,0,35735
3227,77448,0,35735
3228,77472,0,35735
3229,77496,0,35735
3230,77520,0,35735
3231,77544,0,35735
3232,77568,0,35735
3233,77592,0,35735
3234,77616,0,35735
3235,77640,0,35735
3236,77664,0,35735
3237,77688,0,35735
3238,77712,0,35735
3239,77736,0,35735
3240,77760,0,35735
3241,77784,0,35735
3242,77808,0,35735
3243,77832,0,35735
3244,77856,0,35735
3245,77880,0,35735
3246,77904,0,35735
3247,77928,0,35735
3248,77952,0,35735
3249,77976,0,35735
3250,78000,0,35735
3251,78024,0,35735
3252,78048,0,35735
3253,78072,0,35735
3254,78096,0,35735
3255,78120,0,35735
3256,78144,0,35735
3257,78168,0,35735
3258,78192,0,35735
3259,78216,0,35735
3260,78240,0,35735
3261,78264,0,35735
3262,78288,0,35735
3263,78312,0,35735
3264,78336,0,35735
3265,78360,0,35735
3266,78384,0,35735
3267,78408,0,35735
3268,78432,0,35735
3269,78456,0,35735
3270,78480,0,35735
3271,78504,0,35735
3272,78528,0,35735
3273,78552,0,35735
3274,78576,0,35735
3275,78600,0,35735
3276,78624,0,35735
3277,78648,0,35735
3278,78672,0,35735
3279,78696,0,35735
3280,78720,0,35735
3281,78744,0,35735
3282,78768,0,35735
3283,78792,0,35735
3284,78816,0,35735
3285,78840,0,35735
3286,78864,0,35735
3287,78888,0,35735
3288,78912,0,35735
3289,78936,0,35735
3290,78960,0,35735
3291,78984,0,35735
3292,79008,0,35735
3293,79032,0,35735
3294,79056,0,35735
3295,79080,0,35735
3296,79104,0,35735
3297,79128,0,35735
3298,79152,0,35735
3299,79176,0,35735
3300,79200,0,35735
3301,79224,0,35735
3302,79248,0,35735
3303,79272,0,35735
3304,79296,0,35735
3305,79320,0,35735
3306,79344,1,35735
3307,79368,1,35735
3308,79392,1,35735
3309,79416,1,35735
3310,79440,1,35735
3311,79464,0,35735
3312,79488,0,35735
3313,79512,0,35735
3314,79536,0,35735
3315,79560,1,35735
3316,79584,0,35735
3317,79608,1,35735
3318,79632,0,35735
3319,79656,1,35735
3320,79680,0,35735
3321,79704,0,35735
3322,79728,0,35735
3323,79752,0,35735
3324,79776,0,35735
3325,79800,0,35735
3326,79824,0,35735
3327,79848,1,35735
3328,79872,1,35735
3329,79896,1,35735
3330,79920,0,35735
3331,79944,0,35735
3332,79968,0,35735
3333,79992,0,35735
3334,80016,0,35735
3335,80040,0,35735
3336,80064,0,35735
3337,80088,0,35735
3338,80112,0,35735
3339,80136,0,35735
3340,80160,0,35735
3341,80184,1,35735
3342,80208,0,35735
3343,80232,0,35735
3344,80256,0,35735
3345,80280,0,35735
3346,80304,1,35735
3347,80328,1,35735
3348,80352,1,35735
3349,80376,1,35735
3350,80400,1,35735
3351,80424,1,35735
3352,80448,0,35735
3353,80472,0,35735
3354,80496,0,35735
3355,80520,0,35735
3356,80544,0,35735
3357,80568,0,35735
3358,80592,1,35735
3359,80616,1,35735
3360,80640,1,35735
3361,80664,1,35735
3362,80688,1,35735
3363,80712,1,35735
3364,80736,1,35735
3365,80760,1,35735
3366,80784,1,35735
3367,80808,1,35735
3368,80832,1,35735
3369,80856,0,35735
3370,80880,0,35735
3371,80904,0,35735
3372,80928,0,35735
3373,80952,0,35735
3374,80976,0,35735
3375,81000,0,35735
3376,81024,0,35735
3377,81048,1,35735
3378,81072,0,35735
3379,81096,0,35735
3380,81120,0,35735
3381,81144,0,35735
3382,81168,0,35735
3383,81192,0,35735
3384,81216,0,35735
3385,81240,0,35735
3386,81264,0,35735
3387,81288,0,35735
3388,81312,0,35735
3389,81336,1,35735
3390,81360,0,35735
3391,81384,1,35735
3392,81408,1,35735
3393,81432,0,35735
3394,81456,0,35735
3395,81480,0,35735
3396,81504,0,35735
3397,81528,0,35735
3398,81552,0,35735
3399,81576,1,35735
3400,81600,0,35735
3401,81624,0,35735
3402,81648,0,35735
3403,81672,0,35735
3404,81696,0,35735
3405,81720,0,35735
3406,81744,0,35735
3407,81768,0,35735
3408,81792,0,35735
3409,81816,0,35735
3410,81840,0,35735
3411,81864,0,35735
3412,81888,0,35735
3413,81912,0,35735
3414,81936,0,35735
3415,81960,0,35735
3416,81984,0,35735
3417,82008,0,35735
3418,82032,0,35735
3419,82056,0,35735
3420,82080,0,35735
3421,82104,0,35735
3422,82128,0,35735
3423,82152,0,35735
3424,82176,0,35735
3425,82200,0,35735
3426,82224,1,35735
3427,82248,1,35735
3428,82272,0,35735
3429,82296,0,35735
3430,82320,0,35735
3431,82344,0,35735
3432,82368,0,35735
3433,82392,0,35735
3434,82416,0,35735
3435,82440,0,35735
3436,82464,0,35735
3437,82488,0,35735
3438,82512,0,35735
3439,82536,0,35735
3440,82560,0,35735
3441,82584,0,35735
3442,82608,0,35735
3443,82632,0,35735
3444,82656,0,35735
3445,82680,0,35735
3446,82704,0,35735
3447,82728,0,35735
3448,82752,0,35735
3449,82776,0,35735
3450,82800,0,35735
3451,82824,0,35735
3452,82848,0,35735
3453,82872,0,35735
3454,82896,0,35735
3455,82920,0,35735
3456,82944,0,35735
3457,82968,0,35735
3458,82992,0,35735
3459,83016,0,35735
3460,83040,0,35735
3461,83064,0,35735
3462,83088,0,35735
3463,83112,0,35735
3464,83136,0,35735
3465,83160,0,35735
3466,83184,0,35735
3467,83208,0,35735
3468,83232,0,35735
3469,83256,0,35735
3470,83280,0,35735
3471,83304,0,35735
3472,83328,0,35735
3473,83352,0,35735
3474,83376,0,35735
3475,83400,0,35735
3476,83424,0,35735
3477,83448,0,35735
3478,83472,0,35735
3479,83496,0,35735
3480,83520,0,35735
3481,83544,0,35735
3482,83568,0,35735
3483,83592,0,35735
3484,83616,0,35735
3485,83640,0,35735
3486,83664,0,35735
3487,83688,0,35735
3488,83712,0,35735
3489,83736,0,35735
3490,83760,0,35735
3491,83784,0,35735
3492,83808,0,35735
3493,83832,1,35735
3494,83856,0,35735
3495,83880,0,35735
3496,83904,0,35735
3497,83928,0,35735
3498,83952,0,35735
3499,83976,0,35735
3500,84000,0,35735
3501,84024,0,35735
3502,84048,0,35735
3503,84072,0,35735
3504,84096,0,35735
3505,84120,0,35735
3506,84144,0,35735
3507,84168,0,35735
3508,84192,0,35735
3509,84216,0,35735
3510,84240,0,35735
3511,84264,0,35735
3512,84288,0,35735
3513,84312,0,35735
3514,84336,0,35735
3515,84360,0,35735
3516,84384,0,35735
3517,84408,0,35735
3518,84432,0,35735
3519,84456,0,35735
3520,84480,0,35735
3521,84504,0,35735
3522,84528,0,35735
3523,84552,0,35735
3524,84576,0,35735
3525,84600,0,35735
3526,84624,0,35735
3527,84648,0,35735
3528,84672,0,35735
3529,84696,0,35735
3530,84720,0,35735
3531,84744,0,35735
3532,84768,0,35735
3533,84792,0,35735
3534,84816,0,35735
3535,84840,0,35735
3536,84864,0,35735
3537,84888,1,35735
3538,84912,1,35735
3539,84936,0,35735
3540,84960,0,35735
3541,84984,0,35735
3542,85008,0,35735
3543,85032,0,35735
3544,85056,0,35735
3545,85080,0,35735
3546,85104,0,35735
3547,85128,0,35735
3548,85152,0,35735
3549,85176,0,35735
3550,85200,0,35735
3551,85224,0,35735
3552,85248,0,35735
3553,85272,0,35735
3554,85296,0,35735
3555,85320,0,35735
3556,85344,1,35735
3557,85368,1,35735
3558,85392,1,35735
3559,85416,1,35735
3560,85440,0,35735
3561,85464,0,35735
3562,85488,0,35735
3563,85512,0,35735
3564,85536,0,35735
3565,85560,0,35735
3566,85584,0,35735
3567,85608,0,35735
3568,85632,0,35735
3569,85656,0,35735
3570,85680,0,35735
3571,85704,0,35735
3572,85728,0,35735
3573,85752,0,35735
3574,85776,0,35735
3575,85800,0,35735
3576,85824,0,35735
3577,85848,0,35735
3578,85872,0,35735
3579,85896,0,35735
3580,85920,0,35735
3581,85944,0,35735
3582,85968,0,35735
3583,85992,0,35735
3584,86016,0,35735
3585,86040,0,35735
3586,86064,0,35735
3587,86088,0,35735
3588,86112,0,35735
3589,86136,0,35735
3590,86160,0,35735
3591,86184,0,35735
3592,86208,0,35735
3593,86232,0,35735
3594,86256,0,35735
3595,86280,0,35735
3596,86304,0,35735
3597,86328,0,35735
3598,86352,0,35735
3599,86376,0,35735
3600,86400,0,35735
3601,86424,0,35735
3602,86448,0,35735
3603,86472,0,35735
3604,86496,0,35735
3605,86520,0,35735
3606,86544,0,35735
3607,86568,0,35735
3608,86592,0,35735
3609,86616,0,35735
3610,86640,0,35735
3611,86664,0,35735
3612,86688,0,35735
3613,86712,0,35735
3614,86736,0,35735
3615,86760,1,35735
3616,86784,0,35735
3617,86808,0,35735
3618,86832,0,35735
3619,86856,0,35735
3620,86880,1,35735
3621,86904,0,35735
3622,86928,0,35735
3623,86952,0,35735
3624,86976,0,35735
3625,87000,0,35735
3626,87024,0,35735
3627,87048,0,35735
3628,87072,0,35735
3629,87096,0,35735
3630,87120,0,35735
3631,87144,0,35735
3632,87168,0,35735
3633,87192,0,35735
3634,87216,0,35735
3635,87240,0,35735
3636,87264,0,35735
3637,87288,0,35735
3638,87312,0,35735
3639,87336,0,35735
3640,87360,0,35735
3641,87384,1,35735
3642,87408,0,35735
3643,87432,0,35735
3644,87456,0,35735
3645,87480,0,35735
3646,87504,0,35735
3647,87528,0,35735
3648,87552,0,35735
3649,87576,0,35735
3650,87600,0,35735
3651,87624,0,35735
3652,87648,0,35735
3653,87672,1,35735
3654,87696,0,35735
3655,87720,0,35735
3656,87744,0,35735
3657,87768,0,35735
3658,87792,0,35735
3659,87816,0,35735
3660,87840,0,35735
3661,87864,0,35735
3662,87888,0,35735
3663,87912,0,35735
3664,87936,0,35735
3665,87960,0,35735
3666,87984,0,35735
3667,88008,0,35735
3668,88032,0,35735
3669,88056,0,35735
3670,88080,0,35735
3671,88104,1,35735
3672,88128,0,35735
3673,88152,1,35735
3674,88176,1,35735
3675,88200,0,35735
3676,88224,1,35735
3677,88248,0,35735
3678,88272,1,35735
3679,88296,0,35735
3680,88320,0,35735
3681,88344,0,35735
3682,88368,0,35735
3683,88392,0,35735
3684,88416,0,35735
3685,88440,0,35735
3686,88464,0,35735
3687,88488,0,35735
3688,88512,0,35735
3689,88536,0,35735
3690,88560,0,35735
3691,88584,0,35735
3692,88608,0,35735
3693,88632,0,35735
3694,88656,0,35735
3695,88680,0,35735
3696,88704,0,35735
3697,88728,1,35735
3698,88752,0,35735
3699,88776,0,35735
3700,88800,1,35735
3701,88824,1,35735
3702,88848,1,35735
3703,88872,0,35735
3704,88896,0,35735
3705,88920,0,35735
3706,88944,0,35735
3707,88968,0,35735
3708,88992,0,35735
3709,89016,1,35735
3710,89040,0,35735
3711,89064,1,35735
3712,89088,0,35735
3713,89112,0,35735
3714,89136,0,35735
3715,89160,0,35735
3716,89184,0,35735
3717,89208,0,35735
3718,89232,0,35735
3719,89256,0,35735
3720,89280,0,35735
3721,89304,0,35735
3722,89328,0,35735
3723,89352,0,35735
3724,89376,0,35735
3725,89400,0,35735
3726,89424,0,35735
3727,89448,0,35735
3728,89472,0,35735
3729,89496,0,35735
3730,89520,0,35735
3731,89544,0,35735
3732,89568,0,35735
3733,89592,0,35735
3734,89616,0,35735
3735,89640,0,35735
3736,89664,0,35735
3737,89688,0,35735
3738,89712,0,35735
3739,89736,0,35735
3740,89760,0,35735
3741,89784,0,35735
3742,89808,0,35735
3743,89832,0,35735
3744,89856,0,35735
3745,89880,0,35735
3746,89904,0,35735
3747,89928,0,35735
3748,89952,0,35735
3749,89976,0,35735
3750,90000,0,35735
3751,90024,0,35735
3752,90048,0,35735
3753,90072,0,35735
3754,90096,0,35735
3755,90120,0,35735
3756,90144,0,35735
3757,90168,0,35735
3758,90192,0,35735
3759,90216,0,35735
3760,90240,0,35735
3761,90264,0,35735
3762,90288,0,35735
3763,90312,1,35735
3764,90336,0,35735
3765,90360,0,35735
3766,90384,0,35735
3767,90408,0,35735
3768,90432,0,35735
3769,90456,0,35735
3770,90480,0,35735
3771,90504,0,35735
3772,90528,0,35735
3773,90552,0,35735
3774,90576,0,35735
3775,90600,0,35735
3776,90624,0,35735
3777,90648,0,35735
3778,90672,0,35735
3779,90696,0,35735
3780,90720,0,35735
3781,90744,0,35735
3782,90768,0,35735
3783,90792,0,35735
3784,90816,1,35735
3785,90840,0,35735
3786,90864,0,35735
3787,90888,0,35735
3788,90912,0,35735
3789,90936,0,35735
3790,90960,0,35735
3791,90984,0,35735
3792,91008,0,35735
3793,91032,0,35735
3794,91056,0,35735
3795,91080,0,35735
3796,91104,0,35735
3797,91128,0,35735
3798,91152,0,35735
3799,91176,0,35735
3800,91200,0,35735
3801,91224,0,35735
3802,91248,0,35735
3803,91272,0,35735
3804,91296,1,35735
3805,91320,1,35735
3806,91344,0,35735
3807,91368,0,35735
3808,91392,0,35735
3809,91416,0,35735
3810,91440,0,35735
3811,91464,0,35735
3812,91488,0,35735
3813,91512,0,35735
3814,91536,0,35735
3815,91560,0,35735
3816,91584,0,35735
3817,91608,1,35735
3818,91632,0,35735
3819,91656,0,35735
3820,91680,0,35735
3821,91704,0,35735
3822,91728,0,35735
3823,91752,0,35735
3824,91776,0,35735
3825,91800,0,35735
3826,91824,0,35735
3827,91848,0,35735
3828,91872,0,35735
3829,91896,0,35735
3830,91920,0,35735
3831,91944,0,35735
3832,91968,0,35735
3833,91992,0,35735
3834,92016,0,35735
3835,92040,0,35735
3836,92064,0,35735
3837,92088,0,35735
3838,92112,0,35735
3839,92136,0,35735
3840,92160,0,35735
3841,92184,0,35735
3842,92208,0,35735
3843,92232,0,35735
3844,92256,0,35735
3845,92280,0,35735
3846,92304,0,35735
3847,92328,0,35735
3848,92352,0,35735
3849,92376,0,35735
3850,92400,0,35735
3851,92424,0,35735
3852,92448,0,35735
3853,92472,0,35735
3854,92496,0,35735
3855,92520,0,35735
3856,92544,0,35735
3857,92568,0,35735
3858,92592,0,35735
3859,92616,0,35735
3860,92640,0,35735
3861,92664,0,35735
3862,92688,0,35735
3863,92712,0,35735
3864,92736,0,35735
3865,92760,0,35735
3866,92784,0,35735
3867,92808,0,35735
3868,92832,0,35735
3869,92856,0,35735
3870,92880,0,35735
3871,92904,0,35735
3872,92928,0,35735
3873,92952,0,35735
3874,92976,0,35735
3875,93000,0,35735
3876,93024,0,35735
3877,93048,0,35735
3878,93072,0,35735
3879,93096,0,35735
3880,93120,0,35735
3881,93144,0,35735
3882,93168,0,35735
3883,93192,0,35735
3884,93216,0,35735
3885,93240,0,35735
3886,93264,1,35735
3887,93288,1,35735
3888,93312,0,35735
3889,93336,1,35735
3890,93360,0,35735
3891,93384,0,35735
3892,93408,0,35735
3893,93432,0,35735
3894,93456,0,35735
3895,93480,0,35735
3896,93504,0,35735
3897,93528,0,35735
3898,93552,0,35735
3899,93576,0,35735
3900,93600,0,35735
3901,93624,0,35735
3902,93648,0,35735
3903,93672,0,35735
3904,93696,1,35735
3905,93720,1,35735
3906,93744,0,35735
3907,93768,0,35735
3908,93792,0,35735
3909,93816,0,35735
3910,93840,0,35735
3911,93864,0,35735
3912,93888,0,35735
3913,93912,0,35735
3914,93936,1,35735
3915,93960,0,35735
3916,93984,1,35735
3917,94008,0,35735
3918,94032,1,35735
3919,94056,0,35735
3920,94080,1,35735
3921,94104,1,35735
3922,94128,1,35735
3923,94152,1,35735
3924,94176,1,35735
3925,94200,1,35735
3926,94224,1,35735
3927,94248,0,35735
3928,94272,1,35735
3929,94296,1,35735
3930,94320,0,35735
3931,94344,0,35735
3932,94368,0,35735
3933,94392,0,35735
3934,94416,0,35735
3935,94440,0,35735
3936,94464,0,35735
3937,94488,0,35735
3938,94512,0,35735
3939,94536,0,35735
3940,94560,0,35735
3941,94584,0,35735
3942,94608,0,35735
3943,94632,0,35735
3944,94656,0,35735
3945,94680,0,35735
3946,94704,0,35735
3947,94728,0,35735
3948,94752,0,35735
3949,94776,0,35735
3950,94800,0,35735
3951,94824,0,35735
3952,94848,0,35735
3953,94872,0,35735
3954,94896,0,35735
3955,94920,0,35735
3956,94944,0,35735
3957,94968,0,35735
3958,94992,0,35735
3959,95016,0,35735
3960,95040,0,35735
3961,95064,0,35735
3962,95088,0,35735
3963,95112,0,35735
3964,95136,0,35735
3965,95160,0,35735
3966,95184,0,35735
3967,95208,0,35735
3968,95232,0,35735
3969,95256,0,35735
3970,95280,0,35735
3971,95304,0,35735
3972,95328,0,35735
3973,95352,0,35735
3974,95376,0,35735
3975,95400,0,35735
3976,95424,0,35735
3977,95448,0,35735
3978,95472,0,35735
3979,95496,0,35735
3980,95520,0,35735
3981,95544,0,35735
3982,95568,0,35735
3983,95592,0,35735
3984,95616,0,35735
3985,95640,0,35735
3986,95664,0,35735
3987,95688,0,35735
3988,95712,0,35735
3989,95736,0,35735
3990,95760,0,35735
3991,95784,0,35735
3992,95808,0,35735
3993,95832,0,35735
3994,95856,0,35735
3995,95880,0,35735
3996,95904,0,35735
3997,95928,0,35735
3998,95952,0,35735
3999,95976,0,35735
4000,96000,0,35735
4001,96024,0,35735
4002,96048,0,35735
4003,96072,0,35735
4004,96096,0,35735
4005,96120,0,35735
4006,96144,0,35735
4007,96168,0,35735
4008,96192,0,35735
4009,96216,0,35735
4010,96240,0,35735
4011,96264,0,35735
4012,96288,0,35735
4013,96312,0,35735
4014,96336,0,35735
4015,96360,0,35735
4016,96384,0,35735
4017,96408,1,35735
4018,96432,0,35735
4019,96456,0,35735
4020,96480,0,35735
4021,96504,0,35735
4022,96528,0,35735
4023,96552,0,35735
4024,96576,0,35735
4025,96600,0,35735
4026,96624,0,35735
4027,96648,0,35735
4028,96672,0,35735
4029,96696,0,35735
4030,96720,0,35735
4031,96744,0,35735
4032,96768,0,35735
4033,96792,0,35735
4034,96816,0,35735
4035,96840,0,35735
4036,96864,0,35735
4037,96888,0,35735
4038,96912,0,35735
4039,96936,0,35735
4040,96960,0,35735
4041,96984,0,35735
4042,97008,0,35735
4043,97032,0,35735
4044,97056,0,35735
4045,97080,0,35735
4046,97104,0,35735
4047,97128,0,35735
4048,97152,0,35735
4049,97176,0,35735
4050,97200,0,35735
4051,97224,0,35735
4052,97248,0,35735
4053,97272,0,35735
4054,97296,0,35735
4055,97320,0,35735
4056,97344,0,35735
4057,97368,0,35735
4058,97392,0,35735
4059,97416,0,35735
4060,97440,0,35735
4061,97464,0,35735
4062,97488,0,35735
4063,97512,0,35735
4064,97536,0,35735
4065,97560,0,35735
4066,97584,0,35735
4067,97608,0,35735
4068,97632,0,35735
4069,97656,1,35735
4070,97680,0,35735
4071,97704,0,35735
4072,97728,0,35735
4073,97752,0,35735
4074,97776,0,35735
4075,97800,0,35735
4076,97824,0,35735
4077,97848,0,35735
4078,97872,0,35735
4079,97896,0,35735
4080,97920,0,35735
4081,97944,0,35735
4082,97968,0,35735
4083,97992,0,35735
4084,98016,0,35735
4085,98040,0,35735
4086,98064,0,35735
4087,98088,0,35735
4088,98112,0,35735
4089,98136,0,35735
4090,98160,0,35735
4091,98184,0,35735
4092,98208,0,35735
4093,98232,0,35735
4094,98256,0,35735
4095,98280,0,35735
4096,98304,0,35735
4097,98328,0,35735
4098,98352,0,35735
4099,98376,0,35735
4100,98400,0,35735
4101,98424,0,35735
4102,98448,0,35735
4103,98472,0,35735
4104,98496,0,35735
4105,98520,0,35735
4106,98544,0,35735
4107,98568,0,35735
4108,98592,0,35735
4109,98616,0,35735
4110,98640,0,35735
4111,98664,0,35735
4112,98688,0,35735
4113,98712,0,35735
4114,98736,0,35735
4115,98760,0,35735
4116,98784,0,35735
4117,98808,0,35735
4118,98832,0,35735
4119,98856,0,35735
4120,98880,0,35735
4121,98904,0,35735
4122,98928,0,35735
4123,98952,0,35735
4124,98976,0,35735
4125,99000,0,35735
4126,99024,0,35735
4127,99048,0,35735
4128,99072,0,35735
4129,99096,0,35735
4130,99120,0,35735
4131,99144,0,35735
4132,99168,0,35735
4133,99192,0,35735
4134,99216,0,35735
4135,99240,0,35735
4136,99264,0,35735
4137,99288,0,35735
4138,99312,0,35735
4139,99336,0,35735
4140,99360,0,35735
4141,99384,0,35735
4142,99408,0,35735
4143,99432,0,35735
4144,99456,0,35735
4145,99480,0,35735
4146,99504,0,35735
4147,99528,0,35735
4148,99552,0,35735
4149,99576,0,35735
4150,99600,0,35735
4151,99624,0,35735
4152,99648,0,35735
4153,99672,0,35735
4154,99696,0,35735
4155,99720,0,35735
4156,99744,0,35735
4157,99768,0,35735
4158,99792,0,35735
4159,99816,0,35735
4160,99840,0,35735
4161,99864,0,35735
4162,99888,0,35735
4163,99912,0,35735
4164,99936,0,35735
4165,99960,0,35735
4166,99984,0,35735
4167,100008,0,35735
4168,100032,0,35735
4169,100056,0,35735
4170,100080,0,35735
4171,100104,0,35735
4172,100128,0,35735
4173,100152,0,35735
4174,100176,0,35735
4175,100200,0,35735
4176,100224,0,35735
4177,100248,0,35735
4178,100272,0,35735
4179,100296,0,35735
4180,100320,0,35735
4181,100344,0,35735
4182,100368,0,35735
4183,100392,0,35735
4184,100416,0,35735
4185,100440,0,35735
4186,100464,0,35735
4187,100488,0,35735
4188,100512,0,35735
4189,100536,0,35735
4190,100560,0,35735
4191,100584,0,35735
4192,100608,0,35735
4193,100632,0,35735
4194,100656,0,35735
4195,100680,0,35735
4196,100704,0,35735
4197,100728,0,35735
4198,100752,0,35735
4199,100776,0,35735
4200,100800,0,35735
4201,100824,0,35735
4202,100848,0,35735
4203,100872,0,35735
4204,100896,0,35735
4205,100920,0,35735
4206,100944,0,35735
4207,100968,0,35735
4208,100992,0,35735
4209,101016,0,35735
4210,101040,0,35735
4211,101064,0,35735
4212,101088,0,35735
4213,101112,0,35735
4214,101136,0,35735
4215,101160,0,35735
4216,101184,0,35735
4217,101208,0,35735
4218,101232,0,35735
4219,101256,0,35735
4220,101280,0,35735
4221,101304,0,35735
4222,101328,0,35735
4223,101352,0,35735
4224,101376,0,35735
4225,101400,0,35735
4226,101424,0,35735
4227,101448,0,35735
4228,101472,0,35735
4229,101496,0,35735
4230,101520,0,35735
4231,101544,0,35735
4232,101568,0,35735
4233,101592,0,35735
4234,101616,0,35735
4235,101640,0,35735
4236,101664,0,35735
4237,101688,0,35735
4238,101712,0,35735
4239,101736,0,35735
4240,101760,0,35735
4241,101784,0,35735
4242,101808,0,35735
4243,101832,0,35735
4244,101856,0,35735
4245,101880,0,35735
4246,101904,0,35735
4247,101928,0,35735
4248,101952,0,35735
4249,101976,0,35735
4250,102000,0,35735
4251,102024,0,35735
4252,102048,0,35735
4253,102072,0,35735
4254,102096,0,35735
4255,102120,0,35735
4256,102144,0,35735
4257,102168,0,35735
4258,102192,0,35735
4259,102216,0,35735
4260,102240,0,35735
4261,102264,0,35735
4262,102288,0,35735
4263,102312,0,35735
4264,102336,0,35735
4265,102360,0,35735
4266,102384,0,35735
4267,102408,0,35735
4268,102432,0,35735
4269,102456,0,35735
4270,102480,0,35735
4271,102504,0,35735
4272,102528,0,35735
4273,102552,0,35735
4274,102576,0,35735
4275,102600,0,35735
4276,102624,0,35735
4277,102648,0,35735
4278,102672,0,35735
4279,102696,0,35735
4280,102720,0,35735
4281,102744,0,35735
4282,102768,0,35735
4283,102792,0,35735
4284,102816,0,35735
4285,102840,0,35735
4286,102864,0,35735
4287,102888,0,35735
4288,102912,0,35735
4289,102936,0,35735
4290,102960,0,35735
4291,102984,0,35735
4292,103008,0,35735
4293,103032,0,35735
4294,103056,0,35735
4295,103080,0,35735
4296,103104,0,35735
4297,103128,0,35735
4298,103152,0,35735
4299,103176,0,35735
4300,103200,0,35735
4301,103224,0,35735
4302,103248,0,35735
4303,103272,0,35735
4304,103296,0,35735
4305,103320,0,35735
4306,103344,0,35735
4307,103368,0,35735
4308,103392,0,35735
4309,103416,0,35735
4310,103440,0,35735
4311,103464,0,35735
4312,103488,0,35735
4313,103512,0,35735
4314,103536,0,35735
4315,103560,0,35735
4316,103584,0,35735
4317,103608,0,35735
4318,103632,0,35735
4319,103656,0,35735
4320,103680,0,35735
4321,103704,0,35735
4322,103728,0,35735
4323,103752,0,35735
4324,103776,1,35735
4325,103800,0,35735
4326,103824,0,35735
4327,103848,0,35735
4328,103872,0,35735
4329,103896,0,35735
4330,103920,1,35735
4331,103944,1,35735
4332,103968,1,35735
4333,103992,1,35735
4334,104016,1,35735
4335,104040,1,35735
4336,104064,0,35735
4337,104088,0,35735
4338,104112,1,35735
4339,104136,0,35735
4340,104160,0,35735
4341,104184,1,35735
4342,104208,0,35735
4343,104232,0,35735
4344,104256,0,35735
4345,104280,0,35735
4346,104304,1,35735
4347,104328,0,35735
4348,104352,0,35735
4349,104376,0,35735
4350,104400,0,35735
4351,104424,0,35735
4352,104448,0,35735
4353,104472,0,35735
4354,104496,0,35735
4355,104520,0,35735
4356,104544,0,35735
4357,104568,0,35735
4358,104592,0,35735
4359,104616,0,35735
4360,104640,0,35735
4361,104664,0,35735
4362,104688,0,35735
4363,104712,0,35735
4364,104736,0,35735
4365,104760,0,35735
4366,104784,0,35735
4367,104808,0,35735
4368,104832,0,35735
4369,104856,0,35735
4370,104880,0,35735
4371,104904,0,35735
4372,104928,0,35735
4373,104952,0,35735
4374,104976,0,35735
4375,105000,0,35735
4376,105024,0,35735
4377,105048,0,35735
4378,105072,0,35735
4379,105096,0,35735
4380,105120,0,35735
4381,105144,0,35735
4382,105168,0,35735
4383,105192,0,35735
4384,105216,0,35735
4385,105240,0,35735
4386,105264,0,35735
4387,105288,0,35735
4388,105312,0,35735
4389,105336,0,35735
4390,105360,0,35735
4391,105384,0,35735
4392,105408,0,35735
4393,105432,0,35735
4394,105456,0,35735
4395,105480,0,35735
4396,105504,0,35735
4397,105528,0,35735
4398,105552,0,35735
4399,105576,0,35735
4400,105600,0,35735
4401,105624,0,35735
4402,105648,0,35735
4403,105672,0,35735
4404,105696,0,35735
4405,105720,0,35735
4406,105744,0,35735
4407,105768,0,35735
4408,105792,0,35735
4409,105816,0,35735
4410,105840,0,35735
4411,105864,0,35735
4412,105888,0,35735
4413,105912,1,35735
4414,105936,0,35735
4415,105960,1,35735
4416,105984,1,35735
4417,106008,0,35735
4418,106032,0,35735
4419,106056,0,35735
4420,106080,0,35735
4421,106104,0,35735
4422,106128,0,35735
4423,106152,0,35735
4424,106176,0,35735
4425,106200,0,35735
4426,106224,0,35735
4427,106248,0,35735
4428,106272,0,35735
4429,106296,0,35735
4430,106320,0,35735
4431,106344,0,35735
4432,106368,0,35735
4433,106392,0,35735
4434,106416,0,35735
4435,106440,0,35735
4436,106464,0,35735
4437,106488,0,35735
4438,106512,0,35735
4439,106536,0,35735
4440,106560,0,35735
4441,106584,0,35735
4442,106608,0,35735
4443,106632,0,35735
4444,106656,0,35735
4445,106680,0,35735
4446,106704,0,35735
4447,106728,0,35735
4448,106752,0,35735
4449,106776,0,35735
4450,106800,0,35735
4451,106824,1,35735
4452,106848,0,35735
4453,106872,1,35735
4454,106896,0,35735
4455,106920,0,35735
4456,106944,0,35735
4457,106968,0,35735
4458,106992,1,35735
4459,107016,0,35735
4460,107040,0,35735
4461,107064,0,35735
4462,107088,0,35735
4463,107112,0,35735
4464,107136,0,35735
4465,107160,0,35735
4466,107184,0,35735
4467,107208,0,35735
4468,107232,0,35735
4469,107256,0,35735
4470,107280,0,35735
4471,107304,0,35735
4472,107328,0,35735
4473,107352,0,35735
4474,107376,0,35735
4475,107400,0,35735
4476,107424,0,35735
4477,107448,0,35735
4478,107472,0,35735
4479,107496,0,35735
4480,107520,0,35735
4481,107544,0,35735
4482,107568,0,35735
4483,107592,0,35735
4484,107616,0,35735
4485,107640,0,35735
4486,107664,0,35735
4487,107688,0,35735
4488,107712,0,35735
4489,107736,0,35735
4490,107760,0,35735
4491,107784,0,35735
4492,107808,0,35735
4493,107832,0,35735
4494,107856,0,35735
4495,107880,0,35735
4496,107904,0,35735
4497,107928,0,35735
4498,107952,0,35735
4499,107976,0,35735
4500,108000,0,35735
4501,108024,0,35735
4502,108048,0,35735
4503,108072,0,35735
4504,108096,0,35735
4505,108120,0,35735
4506,108144,0,35735
4507,108168,0,35735
4508,108192,0,35735
4509,108216,0,35735
4510,108240,0,35735
4511,108264,0,35735
4512,108288,0,35735
4513,108312,0,35735
4514,108336,0,35735
4515,108360,0,35735
4516,108384,0,35735
4517,108408,0,35735
4518,108432,0,35735
4519,108456,0,35735
4520,108480,0,35735
4521,108504,0,35735
4522,108528,0,35735
4523,108552,0,35735
4524,108576,0,35735
4525,108600,0,35735
4526,108624,0,35735
4527,108648,0,35735
4528,108672,0,35735
4529,108696,0,35735
4530,108720,0,35735
4531,108744,0,35735
4532,108768,0,35735
4533,108792,0,35735
4534,108816,0,35735
4535,108840,0,35735
4536,108864,0,35735
4537,108888,0,35735
4538,108912,0,35735
4539,108936,0,35735
4540,108960,0,35735
4541,108984,0,35735
4542,109008,0,35735
4543,109032,0,35735
4544,109056,0,35735
4545,109080,0,35735
4546,109104,0,35735
4547,109128,0,35735
4548,109152,0,35735
4549,109176,0,35735
4550,109200,0,35735
4551,109224,0,35735
4552,109248,0,35735
4553,109272,0,35735
4554,109296,0,35735
4555,109320,0,35735
4556,109344,0,35735
4557,109368,0,35735
4558,109392,0,35735
4559,109416,0,35735
4560,109440,0,35735
4561,109464,0,35735
4562,109488,0,35735
4563,109512,0,35735
4564,109536,0,35735
4565,109560,0,35735
4566,109584,0,35735
4567,109608,0,35735
4568,109632,0,35735
4569,109656,0,35735
4570,109680,0,35735
4571,109704,0,35735
4572,109728,0,35735
4573,109752,0,35735
4574,109776,0,35735
4575,109800,0,35735
4576,109824,0,35735
4577,109848,0,35735
4578,109872,0,35735
4579,109896,0,35735
4580,109920,0,35735
4581,109944,0,35735
4582,109968,0,35735
4583,109992,0,35735
4584,110016,0,35735
4585,110040,0,35735
4586,110064,0,35735
4587,110088,0,35735
4588,110112,0,35735
4589,110136,0,35735
4590,110160,0,35735
4591,110184,0,35735
4592,110208,0,35735
4593,110232,0,35735
4594,110256,0,35735
4595,110280,0,35735
4596,110304,0,35735
4597,110328,0,35735
4598,110352,0,35735
4599,110376,0,35735
4600,110400,0,35735
4601,110424,0,35735
4602,110448,0,35735
4603,110472,0,35735
4604,110496,0,35735
4605,110520,0,35735
4606,110544,0,35735
4607,110568,0,35735
4608,110592,0,35735
4609,110616,0,35735
4610,110640,0,35735
4611,110664,0,35735
4612,110688,0,35735
4613,110712,0,35735
4614,110736,0,35735
4615,110760,0,35735
4616,110784,0,35735
4617,110808,0,35735
4618,110832,0,35735
4619,110856,0,35735
4620,110880,0,35735
4621,110904,0,35735
4622,110928,0,35735
4623,110952,0,35735
4624,110976,0,35735
4625,111000,0,35735
4626,111024,0,35735
4627,111048,0,35735
4628,111072,0,35735
4629,111096,0,35735
4630,111120,0,35735
4631,111144,0,35735
4632,111168,0,35735
4633,111192,0,35735
4634,111216,0,35735
4635,111240,0,35735
4636,111264,0,35735
4637,111288,0,35735
4638,111312,0,35735
4639,111336,0,35735
4640,111360,0,35735
4641,111384,0,35735
4642,111408,0,35735
4643,111432,0,35735
4644,111456,0,35735
4645,111480,0,35735
4646,111504,0,35735
4647,111528,0,35735
4648,111552,0,35735
4649,111576,0,35735
4650,111600,0,35735
4651,111624,0,35735
4652,111648,0,35735
4653,111672,0,35735
4654,111696,0,35735
4655,111720,0,35735
4656,111744,0,35735
4657,111768,0,35735
4658,111792,0,35735
4659,111816,0,35735
4660,111840,0,35735
4661,111864,0,35735
4662,111888,0,35735
4663,111912,0,35735
4664,111936,0,35735
4665,111960,0,35735
4666,111984,0,35735
4667,112008,0,35735
4668,112032,0,35735
4669,112056,0,35735
4670,112080,0,35735
4671,112104,0,35735
4672,112128,0,35735
4673,112152,0,35735
4674,112176,0,35735
4675,112200,0,35735
4676,112224,0,35735
4677,112248,0,35735
4678,112272,0,35735
4679,112296,0,35735
4680,112320,0,35735
4681,112344,0,35735
4682,112368,0,35735
4683,112392,0,35735
4684,112416,0,35735
4685,112440,0,35735
4686,112464,0,35735
4687,112488,0,35735
4688,112512,0,35735
4689,112536,0,35735
4690,112560,0,35735
4691,112584,0,35735
4692,112608,0,35735
4693,112632,0,35735
4694,112656,1,35735
4695,112680,1,35735
4696,112704,1,35735
4697,112728,1,35735
4698,112752,1,35735
4699,112776,1,35735
4700,112800,1,35735
4701,112824,1,35735
4702,112848,1,35735
4703,112872,1,35735
4704,112896,1,35735
4705,112920,1,35735
4706,112944,1,35735
4707,112968,1,35735
4708,112992,1,35735
4709,113016,1,35735
4710,113040,1,35735
4711,113064,1,35735
4712,113088,1,35735
4713,113112,1,35735
4714,113136,1,35735
4715,113160,1,35735
4716,113184,1,35735
4717,113208,0,35735
4718,113232,0,35735
4719,113256,1,35735
4720,113280,1,35735
4721,113304,1,35735
4722,113328,1,35735
4723,113352,1,35735
4724,113376,0,35735
4725,113400,0,35735
4726,113424,0,35735
4727,113448,0,35735
4728,113472,0,35735
4729,113496,0,35735
4730,113520,0,35735
4731,113544,0,35735
4732,113568,1,35735
4733,113592,1,35735
4734,113616,1,35735
4735,113640,1,35735
4736,113664,1,35735
4737,113688,1,35735
4738,113712,1,35735
4739,113736,1,35735
4740,113760,1,35735
4741,113784,1,35735
4742,113808,1,35735
4743,113832,0,35735
4744,113856,0,35735
4745,113880,0,35735
4746,113904,0,35735
4747,113928,0,35735
4748,113952,0,35735
4749,113976,0,35735
4750,114000,0,35735
4751,114024,0,35735
4752,114048,0,35735
4753,114072,0,35735
4754,114096,0,35735
4755,114120,0,35735
4756,114144,0,35735
4757,114168,0,35735
4758,114192,0,35735
4759,114216,0,35735
4760,114240,0,35735
4761,114264,0,35735
4762,114288,0,35735
4763,114312,0,35735
4764,114336,0,35735
4765,114360,0,35735
4766,114384,0,35735
4767,114408,1,35735
4768,114432,1,35735
4769,114456,1,35735
4770,114480,1,35735
4771,114504,1,35735
4772,114528,1,35735
4773,114552,1,35735
4774,114576,1,35735
4775,114600,1,35735
4776,114624,1,35735
4777,114648,1,35735
4778,114672,1,35735
4779,114696,1,35735
4780,114720,1,35735
4781,114744,0,35735
4782,114768,0,35735
4783,114792,0,35735
4784,114816,0,35735
4785,114840,0,35735
4786,114864,0,35735
4787,114888,0,35735
4788,114912,0,35735
4789,114936,0,35735
4790,114960,0,35735
4791,114984,0,35735
4792,115008,0,35735
4793,115032,0,35735
4794,115056,0,35735
4795,115080,0,35735
4796,115104,0,35735
4797,115128,0,35735
4798,115152,0,35735
4799,115176,0,35735
4800,115200,0,35735
4801,115224,0,35735
4802,115248,0,35735
4803,115272,0,35735
4804,115296,0,35735
4805,115320,0,35735
4806,115344,0,35735
4807,115368,0,35735
4808,115392,0,35735
4809,115416,0,35735
4810,115440,0,35735
4811,115464,0,35735
4812,115488,0,35735
4813,115512,0,35735
4814,115536,0,35735
4815,115560,0,35735
4816,115584,0,35735
4817,115608,0,35735
4818,115632,0,35735
4819,115656,0,35735
4820,115680,0,35735
4821,115704,0,35735
4822,115728,0,35735
4823,115752,0,35735
4824,115776,0,35735
4825,115800,0,35735
4826,115824,0,35735
4827,115848,0,35735
4828,115872,0,35735
4829,115896,0,35735
4830,115920,0,35735
4831,115944,0,35735
4832,115968,0,35735
4833,115992,1,35735
4834,116016,1,35735
4835,116040,1,35735
4836,116064,1,35735
4837,116088,1,35735
4838,116112,1,35735
4839,116136,1,35735
4840,116160,1,35735
4841,116184,0,35735
4842,116208,0,35735
4843,116232,0,35735
4844,116256,0,35735
4845,116280,0,35735
4846,116304,0,35735
4847,116328,0,35735
4848,116352,0,35735
4849,116376,0,35735
4850,116400,0,35735
4851,116424,0,35735
4852,116448,0,35735
4853,116472,0,35735
4854,116496,0,35735
4855,116520,0,35735
4856,116544,0,35735
4857,116568,0,35735
4858,116592,0,35735
4859,116616,0,35735
4860,116640,0,35735
4861,116664,0,35735
4862,116688,0,35735
4863,116712,0,35735
4864,116736,0,35735
4865,116760,0,35735
4866,116784,0,35735
4867,116808,0,35735
4868,116832,0,35735
4869,116856,0,35735
4870,116880,0,35735
4871,116904,0,35735
4872,116928,0,35735
4873,116952,0,35735
4874,116976,0,35735
4875,117000,0,35735
4876,117024,0,35735
4877,117048,0,35735
4878,117072,0,35735
4879,117096,0,35735
4880,117120,0,35735
4881,117144,0,35735
4882,117168,0,35735
4883,117192,0,35735
4884,117216,0,35735
4885,117240,0,35735
4886,117264,0,35735
4887,117288,0,35735
4888,117312,0,35735
4889,117336,0,35735
4890,117360,0,35735
4891,117384,0,35735
4892,117408,0,35735
4893,117432,0,35735
4894,117456,0,35735
4895,117480,0,35735
4896,117504,0,35735
4897,117528,1,35735
4898,117552,1,35735
4899,117576,1,35735
4900,117600,1,35735
4901,117624,1,35735
4902,117648,0,35735
4903,117672,0,35735
4904,117696,1,35735
4905,117720,1,35735
4906,117744,1,35735
4907,117768,0,35735
4908,117792,0,35735
4909,117816,0,35735
4910,117840,0,35735
4911,117864,0,35735
4912,117888,0,35735
4913,117912,1,35735
4914,117936,0,35735
4915,117960,0,35735
4916,117984,0,35735
4917,118008,0,35735
4918,118032,0,35735
4919,118056,0,35735
4920,118080,0,35735
4921,118104,0,35735
4922,118128,0,35735
4923,118152,0,35735
4924,118176,0,35735
4925,118200,0,35735
4926,118224,0,35735
4927,118248,0,35735
