,frame_num,car,imdb_id
0,0,0,45070
1,24,0,45070
2,48,0,45070
3,72,0,45070
4,96,0,45070
5,120,1,45070
6,144,0,45070
7,168,0,45070
8,192,0,45070
9,216,0,45070
10,240,0,45070
11,264,0,45070
12,288,0,45070
13,312,0,45070
14,336,0,45070
15,360,0,45070
16,384,0,45070
17,408,0,45070
18,432,0,45070
19,456,0,45070
20,480,0,45070
21,504,0,45070
22,528,0,45070
23,552,0,45070
24,576,0,45070
25,600,0,45070
26,624,0,45070
27,648,0,45070
28,672,0,45070
29,696,0,45070
30,720,0,45070
31,744,0,45070
32,768,0,45070
33,792,0,45070
34,816,0,45070
35,840,0,45070
36,864,0,45070
37,888,0,45070
38,912,0,45070
39,936,0,45070
40,960,0,45070
41,984,0,45070
42,1008,0,45070
43,1032,0,45070
44,1056,0,45070
45,1080,0,45070
46,1104,0,45070
47,1128,0,45070
48,1152,0,45070
49,1176,0,45070
50,1200,0,45070
51,1224,0,45070
52,1248,0,45070
53,1272,0,45070
54,1296,0,45070
55,1320,0,45070
56,1344,0,45070
57,1368,0,45070
58,1392,0,45070
59,1416,0,45070
60,1440,0,45070
61,1464,0,45070
62,1488,0,45070
63,1512,0,45070
64,1536,0,45070
65,1560,0,45070
66,1584,0,45070
67,1608,0,45070
68,1632,0,45070
69,1656,0,45070
70,1680,0,45070
71,1704,0,45070
72,1728,0,45070
73,1752,0,45070
74,1776,0,45070
75,1800,0,45070
76,1824,0,45070
77,1848,0,45070
78,1872,0,45070
79,1896,0,45070
80,1920,0,45070
81,1944,0,45070
82,1968,0,45070
83,1992,0,45070
84,2016,0,45070
85,2040,0,45070
86,2064,0,45070
87,2088,0,45070
88,2112,0,45070
89,2136,0,45070
90,2160,0,45070
91,2184,0,45070
92,2208,0,45070
93,2232,0,45070
94,2256,0,45070
95,2280,0,45070
96,2304,0,45070
97,2328,0,45070
98,2352,0,45070
99,2376,0,45070
100,2400,0,45070
101,2424,0,45070
102,2448,0,45070
103,2472,0,45070
104,2496,0,45070
105,2520,0,45070
106,2544,0,45070
107,2568,0,45070
108,2592,0,45070
109,2616,0,45070
110,2640,0,45070
111,2664,0,45070
112,2688,0,45070
113,2712,0,45070
114,2736,0,45070
115,2760,0,45070
116,2784,0,45070
117,2808,0,45070
118,2832,0,45070
119,2856,0,45070
120,2880,1,45070
121,2904,0,45070
122,2928,0,45070
123,2952,0,45070
124,2976,0,45070
125,3000,0,45070
126,3024,0,45070
127,3048,0,45070
128,3072,0,45070
129,3096,0,45070
130,3120,0,45070
131,3144,0,45070
132,3168,0,45070
133,3192,1,45070
134,3216,0,45070
135,3240,0,45070
136,3264,0,45070
137,3288,0,45070
138,3312,0,45070
139,3336,1,45070
140,3360,1,45070
141,3384,1,45070
142,3408,1,45070
143,3432,0,45070
144,3456,1,45070
145,3480,1,45070
146,3504,1,45070
147,3528,1,45070
148,3552,1,45070
149,3576,1,45070
150,3600,1,45070
151,3624,0,45070
152,3648,0,45070
153,3672,0,45070
154,3696,0,45070
155,3720,0,45070
156,3744,0,45070
157,3768,0,45070
158,3792,0,45070
159,3816,1,45070
160,3840,0,45070
161,3864,1,45070
162,3888,1,45070
163,3912,1,45070
164,3936,0,45070
165,3960,0,45070
166,3984,0,45070
167,4008,0,45070
168,4032,0,45070
169,4056,0,45070
170,4080,0,45070
171,4104,0,45070
172,4128,0,45070
173,4152,0,45070
174,4176,0,45070
175,4200,0,45070
176,4224,0,45070
177,4248,0,45070
178,4272,0,45070
179,4296,0,45070
180,4320,0,45070
181,4344,0,45070
182,4368,1,45070
183,4392,0,45070
184,4416,0,45070
185,4440,0,45070
186,4464,0,45070
187,4488,0,45070
188,4512,0,45070
189,4536,0,45070
190,4560,0,45070
191,4584,0,45070
192,4608,0,45070
193,4632,0,45070
194,4656,0,45070
195,4680,0,45070
196,4704,0,45070
197,4728,0,45070
198,4752,0,45070
199,4776,0,45070
200,4800,0,45070
201,4824,0,45070
202,4848,0,45070
203,4872,0,45070
204,4896,0,45070
205,4920,0,45070
206,4944,0,45070
207,4968,0,45070
208,4992,0,45070
209,5016,0,45070
210,5040,0,45070
211,5064,0,45070
212,5088,0,45070
213,5112,0,45070
214,5136,0,45070
215,5160,0,45070
216,5184,0,45070
217,5208,0,45070
218,5232,0,45070
219,5256,0,45070
220,5280,0,45070
221,5304,1,45070
222,5328,0,45070
223,5352,0,45070
224,5376,0,45070
225,5400,0,45070
226,5424,0,45070
227,5448,1,45070
228,5472,1,45070
229,5496,0,45070
230,5520,0,45070
231,5544,0,45070
232,5568,0,45070
233,5592,0,45070
234,5616,0,45070
235,5640,0,45070
236,5664,0,45070
237,5688,0,45070
238,5712,0,45070
239,5736,0,45070
240,5760,0,45070
241,5784,0,45070
242,5808,0,45070
243,5832,0,45070
244,5856,0,45070
245,5880,0,45070
246,5904,1,45070
247,5928,0,45070
248,5952,0,45070
249,5976,0,45070
250,6000,0,45070
251,6024,1,45070
252,6048,0,45070
253,6072,1,45070
254,6096,0,45070
255,6120,0,45070
256,6144,0,45070
257,6168,1,45070
258,6192,0,45070
259,6216,0,45070
260,6240,0,45070
261,6264,0,45070
262,6288,0,45070
263,6312,0,45070
264,6336,0,45070
265,6360,0,45070
266,6384,0,45070
267,6408,0,45070
268,6432,0,45070
269,6456,0,45070
270,6480,0,45070
271,6504,0,45070
272,6528,0,45070
273,6552,0,45070
274,6576,0,45070
275,6600,0,45070
276,6624,0,45070
277,6648,0,45070
278,6672,0,45070
279,6696,0,45070
280,6720,0,45070
281,6744,0,45070
282,6768,0,45070
283,6792,0,45070
284,6816,0,45070
285,6840,0,45070
286,6864,0,45070
287,6888,0,45070
288,6912,0,45070
289,6936,0,45070
290,6960,0,45070
291,6984,0,45070
292,7008,0,45070
293,7032,1,45070
294,7056,0,45070
295,7080,0,45070
296,7104,0,45070
297,7128,0,45070
298,7152,0,45070
299,7176,1,45070
300,7200,0,45070
301,7224,1,45070
302,7248,0,45070
303,7272,0,45070
304,7296,0,45070
305,7320,0,45070
306,7344,0,45070
307,7368,0,45070
308,7392,0,45070
309,7416,0,45070
310,7440,0,45070
311,7464,0,45070
312,7488,0,45070
313,7512,0,45070
314,7536,0,45070
315,7560,0,45070
316,7584,0,45070
317,7608,0,45070
318,7632,0,45070
319,7656,0,45070
320,7680,0,45070
321,7704,0,45070
322,7728,0,45070
323,7752,0,45070
324,7776,1,45070
325,7800,0,45070
326,7824,1,45070
327,7848,1,45070
328,7872,1,45070
329,7896,1,45070
330,7920,1,45070
331,7944,1,45070
332,7968,0,45070
333,7992,1,45070
334,8016,0,45070
335,8040,1,45070
336,8064,0,45070
337,8088,1,45070
338,8112,0,45070
339,8136,0,45070
340,8160,0,45070
341,8184,1,45070
342,8208,1,45070
343,8232,1,45070
344,8256,0,45070
345,8280,0,45070
346,8304,0,45070
347,8328,1,45070
348,8352,1,45070
349,8376,0,45070
350,8400,0,45070
351,8424,0,45070
352,8448,0,45070
353,8472,0,45070
354,8496,1,45070
355,8520,1,45070
356,8544,1,45070
357,8568,1,45070
358,8592,1,45070
359,8616,1,45070
360,8640,1,45070
361,8664,0,45070
362,8688,0,45070
363,8712,0,45070
364,8736,0,45070
365,8760,0,45070
366,8784,0,45070
367,8808,0,45070
368,8832,0,45070
369,8856,0,45070
370,8880,0,45070
371,8904,0,45070
372,8928,0,45070
373,8952,0,45070
374,8976,0,45070
375,9000,0,45070
376,9024,0,45070
377,9048,0,45070
378,9072,0,45070
379,9096,0,45070
380,9120,0,45070
381,9144,0,45070
382,9168,0,45070
383,9192,0,45070
384,9216,0,45070
385,9240,0,45070
386,9264,0,45070
387,9288,0,45070
388,9312,0,45070
389,9336,0,45070
390,9360,0,45070
391,9384,0,45070
392,9408,0,45070
393,9432,0,45070
394,9456,0,45070
395,9480,0,45070
396,9504,0,45070
397,9528,0,45070
398,9552,0,45070
399,9576,0,45070
400,9600,0,45070
401,9624,0,45070
402,9648,0,45070
403,9672,0,45070
404,9696,0,45070
405,9720,0,45070
406,9744,0,45070
407,9768,0,45070
408,9792,0,45070
409,9816,0,45070
410,9840,0,45070
411,9864,0,45070
412,9888,0,45070
413,9912,0,45070
414,9936,0,45070
415,9960,0,45070
416,9984,0,45070
417,10008,0,45070
418,10032,0,45070
419,10056,0,45070
420,10080,0,45070
421,10104,0,45070
422,10128,0,45070
423,10152,0,45070
424,10176,0,45070
425,10200,0,45070
426,10224,0,45070
427,10248,0,45070
428,10272,0,45070
429,10296,1,45070
430,10320,0,45070
431,10344,0,45070
432,10368,0,45070
433,10392,1,45070
434,10416,0,45070
435,10440,0,45070
436,10464,1,45070
437,10488,0,45070
438,10512,0,45070
439,10536,1,45070
440,10560,1,45070
441,10584,0,45070
442,10608,0,45070
443,10632,0,45070
444,10656,0,45070
445,10680,1,45070
446,10704,0,45070
447,10728,0,45070
448,10752,0,45070
449,10776,1,45070
450,10800,1,45070
451,10824,1,45070
452,10848,0,45070
453,10872,0,45070
454,10896,0,45070
455,10920,0,45070
456,10944,0,45070
457,10968,0,45070
458,10992,0,45070
459,11016,0,45070
460,11040,0,45070
461,11064,0,45070
462,11088,0,45070
463,11112,0,45070
464,11136,0,45070
465,11160,0,45070
466,11184,0,45070
467,11208,0,45070
468,11232,0,45070
469,11256,0,45070
470,11280,0,45070
471,11304,0,45070
472,11328,0,45070
473,11352,0,45070
474,11376,0,45070
475,11400,0,45070
476,11424,0,45070
477,11448,0,45070
478,11472,0,45070
479,11496,0,45070
480,11520,0,45070
481,11544,0,45070
482,11568,0,45070
483,11592,0,45070
484,11616,0,45070
485,11640,0,45070
486,11664,0,45070
487,11688,0,45070
488,11712,0,45070
489,11736,0,45070
490,11760,0,45070
491,11784,0,45070
492,11808,0,45070
493,11832,0,45070
494,11856,0,45070
495,11880,0,45070
496,11904,0,45070
497,11928,0,45070
498,11952,0,45070
499,11976,0,45070
500,12000,0,45070
501,12024,0,45070
502,12048,0,45070
503,12072,0,45070
504,12096,0,45070
505,12120,0,45070
506,12144,0,45070
507,12168,0,45070
508,12192,0,45070
509,12216,0,45070
510,12240,0,45070
511,12264,0,45070
512,12288,0,45070
513,12312,0,45070
514,12336,0,45070
515,12360,0,45070
516,12384,0,45070
517,12408,0,45070
518,12432,0,45070
519,12456,0,45070
520,12480,0,45070
521,12504,0,45070
522,12528,0,45070
523,12552,0,45070
524,12576,0,45070
525,12600,0,45070
526,12624,0,45070
527,12648,0,45070
528,12672,0,45070
529,12696,0,45070
530,12720,0,45070
531,12744,0,45070
532,12768,0,45070
533,12792,0,45070
534,12816,0,45070
535,12840,0,45070
536,12864,0,45070
537,12888,0,45070
538,12912,0,45070
539,12936,0,45070
540,12960,0,45070
541,12984,0,45070
542,13008,0,45070
543,13032,0,45070
544,13056,0,45070
545,13080,0,45070
546,13104,0,45070
547,13128,0,45070
548,13152,0,45070
549,13176,0,45070
550,13200,0,45070
551,13224,0,45070
552,13248,0,45070
553,13272,0,45070
554,13296,0,45070
555,13320,0,45070
556,13344,0,45070
557,13368,0,45070
558,13392,0,45070
559,13416,0,45070
560,13440,0,45070
561,13464,0,45070
562,13488,0,45070
563,13512,0,45070
564,13536,0,45070
565,13560,0,45070
566,13584,0,45070
567,13608,0,45070
568,13632,0,45070
569,13656,0,45070
570,13680,0,45070
571,13704,0,45070
572,13728,0,45070
573,13752,0,45070
574,13776,0,45070
575,13800,0,45070
576,13824,0,45070
577,13848,0,45070
578,13872,0,45070
579,13896,0,45070
580,13920,0,45070
581,13944,0,45070
582,13968,0,45070
583,13992,0,45070
584,14016,0,45070
585,14040,0,45070
586,14064,0,45070
587,14088,0,45070
588,14112,0,45070
589,14136,0,45070
590,14160,0,45070
591,14184,0,45070
592,14208,0,45070
593,14232,0,45070
594,14256,0,45070
595,14280,0,45070
596,14304,0,45070
597,14328,0,45070
598,14352,0,45070
599,14376,0,45070
600,14400,0,45070
601,14424,0,45070
602,14448,0,45070
603,14472,0,45070
604,14496,0,45070
605,14520,0,45070
606,14544,0,45070
607,14568,0,45070
608,14592,0,45070
609,14616,0,45070
610,14640,0,45070
611,14664,1,45070
612,14688,0,45070
613,14712,1,45070
614,14736,0,45070
615,14760,0,45070
616,14784,1,45070
617,14808,0,45070
618,14832,0,45070
619,14856,0,45070
620,14880,0,45070
621,14904,0,45070
622,14928,0,45070
623,14952,0,45070
624,14976,0,45070
625,15000,0,45070
626,15024,0,45070
627,15048,0,45070
628,15072,0,45070
629,15096,0,45070
630,15120,0,45070
631,15144,0,45070
632,15168,0,45070
633,15192,0,45070
634,15216,0,45070
635,15240,0,45070
636,15264,0,45070
637,15288,0,45070
638,15312,0,45070
639,15336,0,45070
640,15360,0,45070
641,15384,0,45070
642,15408,0,45070
643,15432,0,45070
644,15456,0,45070
645,15480,0,45070
646,15504,0,45070
647,15528,0,45070
648,15552,0,45070
649,15576,0,45070
650,15600,0,45070
651,15624,0,45070
652,15648,0,45070
653,15672,0,45070
654,15696,0,45070
655,15720,0,45070
656,15744,0,45070
657,15768,0,45070
658,15792,0,45070
659,15816,0,45070
660,15840,0,45070
661,15864,0,45070
662,15888,0,45070
663,15912,0,45070
664,15936,0,45070
665,15960,0,45070
666,15984,0,45070
667,16008,0,45070
668,16032,0,45070
669,16056,0,45070
670,16080,0,45070
671,16104,0,45070
672,16128,0,45070
673,16152,0,45070
674,16176,0,45070
675,16200,0,45070
676,16224,0,45070
677,16248,0,45070
678,16272,0,45070
679,16296,0,45070
680,16320,0,45070
681,16344,1,45070
682,16368,0,45070
683,16392,0,45070
684,16416,0,45070
685,16440,0,45070
686,16464,1,45070
687,16488,1,45070
688,16512,1,45070
689,16536,0,45070
690,16560,1,45070
691,16584,1,45070
692,16608,1,45070
693,16632,0,45070
694,16656,0,45070
695,16680,0,45070
696,16704,0,45070
697,16728,0,45070
698,16752,0,45070
699,16776,0,45070
700,16800,0,45070
701,16824,0,45070
702,16848,0,45070
703,16872,0,45070
704,16896,0,45070
705,16920,0,45070
706,16944,0,45070
707,16968,0,45070
708,16992,0,45070
709,17016,0,45070
710,17040,0,45070
711,17064,0,45070
712,17088,0,45070
713,17112,0,45070
714,17136,0,45070
715,17160,0,45070
716,17184,0,45070
717,17208,0,45070
718,17232,0,45070
719,17256,0,45070
720,17280,0,45070
721,17304,0,45070
722,17328,0,45070
723,17352,0,45070
724,17376,0,45070
725,17400,0,45070
726,17424,0,45070
727,17448,0,45070
728,17472,0,45070
729,17496,0,45070
730,17520,0,45070
731,17544,0,45070
732,17568,0,45070
733,17592,0,45070
734,17616,0,45070
735,17640,0,45070
736,17664,0,45070
737,17688,0,45070
738,17712,0,45070
739,17736,0,45070
740,17760,0,45070
741,17784,0,45070
742,17808,0,45070
743,17832,0,45070
744,17856,0,45070
745,17880,0,45070
746,17904,0,45070
747,17928,0,45070
748,17952,0,45070
749,17976,0,45070
750,18000,0,45070
751,18024,0,45070
752,18048,0,45070
753,18072,0,45070
754,18096,0,45070
755,18120,0,45070
756,18144,0,45070
757,18168,0,45070
758,18192,0,45070
759,18216,0,45070
760,18240,0,45070
761,18264,0,45070
762,18288,0,45070
763,18312,0,45070
764,18336,0,45070
765,18360,0,45070
766,18384,0,45070
767,18408,0,45070
768,18432,0,45070
769,18456,0,45070
770,18480,0,45070
771,18504,0,45070
772,18528,0,45070
773,18552,0,45070
774,18576,0,45070
775,18600,0,45070
776,18624,0,45070
777,18648,0,45070
778,18672,0,45070
779,18696,0,45070
780,18720,0,45070
781,18744,0,45070
782,18768,0,45070
783,18792,0,45070
784,18816,0,45070
785,18840,0,45070
786,18864,0,45070
787,18888,0,45070
788,18912,0,45070
789,18936,0,45070
790,18960,0,45070
791,18984,0,45070
792,19008,0,45070
793,19032,0,45070
794,19056,0,45070
795,19080,0,45070
796,19104,0,45070
797,19128,0,45070
798,19152,0,45070
799,19176,0,45070
800,19200,0,45070
801,19224,0,45070
802,19248,0,45070
803,19272,0,45070
804,19296,0,45070
805,19320,0,45070
806,19344,0,45070
807,19368,0,45070
808,19392,0,45070
809,19416,0,45070
810,19440,0,45070
811,19464,0,45070
812,19488,0,45070
813,19512,0,45070
814,19536,0,45070
815,19560,0,45070
816,19584,0,45070
817,19608,0,45070
818,19632,0,45070
819,19656,0,45070
820,19680,0,45070
821,19704,0,45070
822,19728,0,45070
823,19752,0,45070
824,19776,0,45070
825,19800,0,45070
826,19824,0,45070
827,19848,0,45070
828,19872,0,45070
829,19896,0,45070
830,19920,0,45070
831,19944,0,45070
832,19968,0,45070
833,19992,0,45070
834,20016,0,45070
835,20040,0,45070
836,20064,0,45070
837,20088,0,45070
838,20112,0,45070
839,20136,0,45070
840,20160,0,45070
841,20184,0,45070
842,20208,0,45070
843,20232,0,45070
844,20256,0,45070
845,20280,0,45070
846,20304,0,45070
847,20328,0,45070
848,20352,0,45070
849,20376,0,45070
850,20400,0,45070
851,20424,0,45070
852,20448,0,45070
853,20472,0,45070
854,20496,0,45070
855,20520,0,45070
856,20544,0,45070
857,20568,0,45070
858,20592,0,45070
859,20616,0,45070
860,20640,0,45070
861,20664,0,45070
862,20688,0,45070
863,20712,0,45070
864,20736,0,45070
865,20760,0,45070
866,20784,0,45070
867,20808,0,45070
868,20832,0,45070
869,20856,0,45070
870,20880,0,45070
871,20904,0,45070
872,20928,0,45070
873,20952,0,45070
874,20976,0,45070
875,21000,0,45070
876,21024,0,45070
877,21048,0,45070
878,21072,0,45070
879,21096,0,45070
880,21120,0,45070
881,21144,0,45070
882,21168,0,45070
883,21192,0,45070
884,21216,0,45070
885,21240,0,45070
886,21264,1,45070
887,21288,0,45070
888,21312,0,45070
889,21336,0,45070
890,21360,0,45070
891,21384,0,45070
892,21408,0,45070
893,21432,0,45070
894,21456,0,45070
895,21480,0,45070
896,21504,0,45070
897,21528,0,45070
898,21552,0,45070
899,21576,0,45070
900,21600,0,45070
901,21624,0,45070
902,21648,0,45070
903,21672,0,45070
904,21696,0,45070
905,21720,0,45070
906,21744,0,45070
907,21768,0,45070
908,21792,0,45070
909,21816,0,45070
910,21840,0,45070
911,21864,0,45070
912,21888,0,45070
913,21912,0,45070
914,21936,0,45070
915,21960,0,45070
916,21984,0,45070
917,22008,0,45070
918,22032,0,45070
919,22056,0,45070
920,22080,0,45070
921,22104,0,45070
922,22128,0,45070
923,22152,0,45070
924,22176,0,45070
925,22200,0,45070
926,22224,0,45070
927,22248,0,45070
928,22272,0,45070
929,22296,0,45070
930,22320,0,45070
931,22344,0,45070
932,22368,0,45070
933,22392,0,45070
934,22416,0,45070
935,22440,0,45070
936,22464,0,45070
937,22488,0,45070
938,22512,0,45070
939,22536,0,45070
940,22560,0,45070
941,22584,0,45070
942,22608,0,45070
943,22632,0,45070
944,22656,0,45070
945,22680,0,45070
946,22704,0,45070
947,22728,0,45070
948,22752,0,45070
949,22776,0,45070
950,22800,0,45070
951,22824,0,45070
952,22848,0,45070
953,22872,0,45070
954,22896,0,45070
955,22920,0,45070
956,22944,0,45070
957,22968,1,45070
958,22992,0,45070
959,23016,0,45070
960,23040,0,45070
961,23064,0,45070
962,23088,0,45070
963,23112,0,45070
964,23136,0,45070
965,23160,0,45070
966,23184,0,45070
967,23208,0,45070
968,23232,0,45070
969,23256,0,45070
970,23280,0,45070
971,23304,0,45070
972,23328,0,45070
973,23352,0,45070
974,23376,0,45070
975,23400,0,45070
976,23424,0,45070
977,23448,0,45070
978,23472,0,45070
979,23496,0,45070
980,23520,0,45070
981,23544,0,45070
982,23568,0,45070
983,23592,0,45070
984,23616,0,45070
985,23640,0,45070
986,23664,0,45070
987,23688,0,45070
988,23712,0,45070
989,23736,0,45070
990,23760,0,45070
991,23784,0,45070
992,23808,0,45070
993,23832,0,45070
994,23856,0,45070
995,23880,0,45070
996,23904,0,45070
997,23928,0,45070
998,23952,0,45070
999,23976,0,45070
1000,24000,0,45070
1001,24024,0,45070
1002,24048,0,45070
1003,24072,0,45070
1004,24096,0,45070
1005,24120,0,45070
1006,24144,0,45070
1007,24168,0,45070
1008,24192,0,45070
1009,24216,0,45070
1010,24240,0,45070
1011,24264,0,45070
1012,24288,0,45070
1013,24312,0,45070
1014,24336,0,45070
1015,24360,0,45070
1016,24384,0,45070
1017,24408,0,45070
1018,24432,0,45070
1019,24456,0,45070
1020,24480,0,45070
1021,24504,0,45070
1022,24528,0,45070
1023,24552,0,45070
1024,24576,0,45070
1025,24600,0,45070
1026,24624,0,45070
1027,24648,0,45070
1028,24672,0,45070
1029,24696,0,45070
1030,24720,0,45070
1031,24744,0,45070
1032,24768,0,45070
1033,24792,0,45070
1034,24816,0,45070
1035,24840,0,45070
1036,24864,0,45070
1037,24888,0,45070
1038,24912,0,45070
1039,24936,0,45070
1040,24960,0,45070
1041,24984,0,45070
1042,25008,0,45070
1043,25032,0,45070
1044,25056,0,45070
1045,25080,0,45070
1046,25104,0,45070
1047,25128,0,45070
1048,25152,0,45070
1049,25176,0,45070
1050,25200,0,45070
1051,25224,0,45070
1052,25248,0,45070
1053,25272,0,45070
1054,25296,0,45070
1055,25320,0,45070
1056,25344,0,45070
1057,25368,0,45070
1058,25392,0,45070
1059,25416,0,45070
1060,25440,0,45070
1061,25464,0,45070
1062,25488,0,45070
1063,25512,0,45070
1064,25536,0,45070
1065,25560,0,45070
1066,25584,0,45070
1067,25608,0,45070
1068,25632,0,45070
1069,25656,0,45070
1070,25680,0,45070
1071,25704,0,45070
1072,25728,1,45070
1073,25752,0,45070
1074,25776,1,45070
1075,25800,0,45070
1076,25824,0,45070
1077,25848,0,45070
1078,25872,1,45070
1079,25896,0,45070
1080,25920,1,45070
1081,25944,1,45070
1082,25968,1,45070
1083,25992,0,45070
1084,26016,1,45070
1085,26040,0,45070
1086,26064,1,45070
1087,26088,0,45070
1088,26112,0,45070
1089,26136,1,45070
1090,26160,0,45070
1091,26184,0,45070
1092,26208,0,45070
1093,26232,0,45070
1094,26256,0,45070
1095,26280,0,45070
1096,26304,1,45070
1097,26328,0,45070
1098,26352,0,45070
1099,26376,0,45070
1100,26400,0,45070
1101,26424,0,45070
1102,26448,0,45070
1103,26472,0,45070
1104,26496,0,45070
1105,26520,0,45070
1106,26544,0,45070
1107,26568,0,45070
1108,26592,0,45070
1109,26616,0,45070
1110,26640,0,45070
1111,26664,0,45070
1112,26688,0,45070
1113,26712,0,45070
1114,26736,0,45070
1115,26760,0,45070
1116,26784,0,45070
1117,26808,0,45070
1118,26832,0,45070
1119,26856,0,45070
1120,26880,0,45070
1121,26904,0,45070
1122,26928,0,45070
1123,26952,0,45070
1124,26976,0,45070
1125,27000,0,45070
1126,27024,0,45070
1127,27048,0,45070
1128,27072,0,45070
1129,27096,0,45070
1130,27120,0,45070
1131,27144,0,45070
1132,27168,0,45070
1133,27192,0,45070
1134,27216,0,45070
1135,27240,0,45070
1136,27264,0,45070
1137,27288,0,45070
1138,27312,0,45070
1139,27336,0,45070
1140,27360,0,45070
1141,27384,0,45070
1142,27408,0,45070
1143,27432,0,45070
1144,27456,0,45070
1145,27480,0,45070
1146,27504,0,45070
1147,27528,0,45070
1148,27552,0,45070
1149,27576,0,45070
1150,27600,0,45070
1151,27624,0,45070
1152,27648,0,45070
1153,27672,0,45070
1154,27696,0,45070
1155,27720,0,45070
1156,27744,0,45070
1157,27768,0,45070
1158,27792,0,45070
1159,27816,0,45070
1160,27840,0,45070
1161,27864,0,45070
1162,27888,0,45070
1163,27912,0,45070
1164,27936,0,45070
1165,27960,0,45070
1166,27984,0,45070
1167,28008,0,45070
1168,28032,0,45070
1169,28056,0,45070
1170,28080,0,45070
1171,28104,0,45070
1172,28128,0,45070
1173,28152,0,45070
1174,28176,0,45070
1175,28200,0,45070
1176,28224,0,45070
1177,28248,0,45070
1178,28272,0,45070
1179,28296,0,45070
1180,28320,0,45070
1181,28344,0,45070
1182,28368,0,45070
1183,28392,0,45070
1184,28416,1,45070
1185,28440,1,45070
1186,28464,1,45070
1187,28488,1,45070
1188,28512,1,45070
1189,28536,1,45070
1190,28560,1,45070
1191,28584,1,45070
1192,28608,1,45070
1193,28632,0,45070
1194,28656,0,45070
1195,28680,0,45070
1196,28704,1,45070
1197,28728,1,45070
1198,28752,1,45070
1199,28776,0,45070
1200,28800,1,45070
1201,28824,1,45070
1202,28848,1,45070
1203,28872,1,45070
1204,28896,1,45070
1205,28920,1,45070
1206,28944,1,45070
1207,28968,1,45070
1208,28992,1,45070
1209,29016,1,45070
1210,29040,1,45070
1211,29064,1,45070
1212,29088,1,45070
1213,29112,1,45070
1214,29136,1,45070
1215,29160,1,45070
1216,29184,1,45070
1217,29208,1,45070
1218,29232,1,45070
1219,29256,1,45070
1220,29280,1,45070
1221,29304,1,45070
1222,29328,0,45070
1223,29352,0,45070
1224,29376,0,45070
1225,29400,0,45070
1226,29424,0,45070
1227,29448,0,45070
1228,29472,0,45070
1229,29496,0,45070
1230,29520,0,45070
1231,29544,0,45070
1232,29568,0,45070
1233,29592,0,45070
1234,29616,0,45070
1235,29640,0,45070
1236,29664,0,45070
1237,29688,0,45070
1238,29712,0,45070
1239,29736,0,45070
1240,29760,0,45070
1241,29784,0,45070
1242,29808,0,45070
1243,29832,0,45070
1244,29856,0,45070
1245,29880,0,45070
1246,29904,0,45070
1247,29928,0,45070
1248,29952,0,45070
1249,29976,0,45070
1250,30000,0,45070
1251,30024,0,45070
1252,30048,0,45070
1253,30072,0,45070
1254,30096,0,45070
1255,30120,0,45070
1256,30144,0,45070
1257,30168,0,45070
1258,30192,0,45070
1259,30216,0,45070
1260,30240,0,45070
1261,30264,0,45070
1262,30288,0,45070
1263,30312,0,45070
1264,30336,0,45070
1265,30360,0,45070
1266,30384,0,45070
1267,30408,0,45070
1268,30432,0,45070
1269,30456,0,45070
1270,30480,0,45070
1271,30504,0,45070
1272,30528,0,45070
1273,30552,0,45070
1274,30576,0,45070
1275,30600,0,45070
1276,30624,0,45070
1277,30648,0,45070
1278,30672,0,45070
1279,30696,0,45070
1280,30720,0,45070
1281,30744,0,45070
1282,30768,0,45070
1283,30792,1,45070
1284,30816,0,45070
1285,30840,0,45070
1286,30864,0,45070
1287,30888,0,45070
1288,30912,0,45070
1289,30936,0,45070
1290,30960,0,45070
1291,30984,0,45070
1292,31008,0,45070
1293,31032,0,45070
1294,31056,0,45070
1295,31080,0,45070
1296,31104,0,45070
1297,31128,0,45070
1298,31152,0,45070
1299,31176,0,45070
1300,31200,0,45070
1301,31224,0,45070
1302,31248,0,45070
1303,31272,0,45070
1304,31296,0,45070
1305,31320,0,45070
1306,31344,0,45070
1307,31368,0,45070
1308,31392,0,45070
1309,31416,0,45070
1310,31440,0,45070
1311,31464,0,45070
1312,31488,0,45070
1313,31512,0,45070
1314,31536,0,45070
1315,31560,0,45070
1316,31584,0,45070
1317,31608,0,45070
1318,31632,0,45070
1319,31656,0,45070
1320,31680,0,45070
1321,31704,0,45070
1322,31728,0,45070
1323,31752,0,45070
1324,31776,0,45070
1325,31800,0,45070
1326,31824,0,45070
1327,31848,0,45070
1328,31872,0,45070
1329,31896,0,45070
1330,31920,0,45070
1331,31944,0,45070
1332,31968,0,45070
1333,31992,1,45070
1334,32016,1,45070
1335,32040,0,45070
1336,32064,0,45070
1337,32088,1,45070
1338,32112,0,45070
1339,32136,0,45070
1340,32160,1,45070
1341,32184,1,45070
1342,32208,0,45070
1343,32232,1,45070
1344,32256,0,45070
1345,32280,0,45070
1346,32304,0,45070
1347,32328,0,45070
1348,32352,0,45070
1349,32376,0,45070
1350,32400,0,45070
1351,32424,0,45070
1352,32448,0,45070
1353,32472,0,45070
1354,32496,0,45070
1355,32520,0,45070
1356,32544,0,45070
1357,32568,0,45070
1358,32592,0,45070
1359,32616,0,45070
1360,32640,0,45070
1361,32664,0,45070
1362,32688,0,45070
1363,32712,0,45070
1364,32736,0,45070
1365,32760,0,45070
1366,32784,1,45070
1367,32808,0,45070
1368,32832,0,45070
1369,32856,0,45070
1370,32880,0,45070
1371,32904,1,45070
1372,32928,0,45070
1373,32952,0,45070
1374,32976,0,45070
1375,33000,0,45070
1376,33024,0,45070
1377,33048,0,45070
1378,33072,0,45070
1379,33096,0,45070
1380,33120,0,45070
1381,33144,0,45070
1382,33168,0,45070
1383,33192,0,45070
1384,33216,0,45070
1385,33240,0,45070
1386,33264,0,45070
1387,33288,0,45070
1388,33312,0,45070
1389,33336,0,45070
1390,33360,0,45070
1391,33384,0,45070
1392,33408,0,45070
1393,33432,0,45070
1394,33456,0,45070
1395,33480,0,45070
1396,33504,0,45070
1397,33528,0,45070
1398,33552,0,45070
1399,33576,0,45070
1400,33600,0,45070
1401,33624,0,45070
1402,33648,0,45070
1403,33672,0,45070
1404,33696,0,45070
1405,33720,0,45070
1406,33744,0,45070
1407,33768,0,45070
1408,33792,0,45070
1409,33816,0,45070
1410,33840,0,45070
1411,33864,0,45070
1412,33888,0,45070
1413,33912,0,45070
1414,33936,0,45070
1415,33960,0,45070
1416,33984,0,45070
1417,34008,0,45070
1418,34032,0,45070
1419,34056,0,45070
1420,34080,0,45070
1421,34104,0,45070
1422,34128,0,45070
1423,34152,0,45070
1424,34176,0,45070
1425,34200,0,45070
1426,34224,0,45070
1427,34248,0,45070
1428,34272,0,45070
1429,34296,0,45070
1430,34320,0,45070
1431,34344,0,45070
1432,34368,0,45070
1433,34392,0,45070
1434,34416,0,45070
1435,34440,0,45070
1436,34464,0,45070
1437,34488,0,45070
1438,34512,0,45070
1439,34536,0,45070
1440,34560,0,45070
1441,34584,0,45070
1442,34608,0,45070
1443,34632,0,45070
1444,34656,0,45070
1445,34680,0,45070
1446,34704,0,45070
1447,34728,0,45070
1448,34752,0,45070
1449,34776,0,45070
1450,34800,0,45070
1451,34824,0,45070
1452,34848,0,45070
1453,34872,0,45070
1454,34896,0,45070
1455,34920,0,45070
1456,34944,1,45070
1457,34968,0,45070
1458,34992,0,45070
1459,35016,0,45070
1460,35040,0,45070
1461,35064,0,45070
1462,35088,0,45070
1463,35112,0,45070
1464,35136,0,45070
1465,35160,0,45070
1466,35184,0,45070
1467,35208,0,45070
1468,35232,0,45070
1469,35256,0,45070
1470,35280,0,45070
1471,35304,0,45070
1472,35328,0,45070
1473,35352,0,45070
1474,35376,0,45070
1475,35400,0,45070
1476,35424,0,45070
1477,35448,0,45070
1478,35472,0,45070
1479,35496,0,45070
1480,35520,0,45070
1481,35544,0,45070
1482,35568,0,45070
1483,35592,0,45070
1484,35616,0,45070
1485,35640,0,45070
1486,35664,0,45070
1487,35688,0,45070
1488,35712,0,45070
1489,35736,0,45070
1490,35760,0,45070
1491,35784,0,45070
1492,35808,0,45070
1493,35832,0,45070
1494,35856,0,45070
1495,35880,0,45070
1496,35904,0,45070
1497,35928,0,45070
1498,35952,0,45070
1499,35976,0,45070
1500,36000,0,45070
1501,36024,0,45070
1502,36048,0,45070
1503,36072,0,45070
1504,36096,0,45070
1505,36120,0,45070
1506,36144,0,45070
1507,36168,0,45070
1508,36192,0,45070
1509,36216,0,45070
1510,36240,0,45070
1511,36264,0,45070
1512,36288,0,45070
1513,36312,0,45070
1514,36336,0,45070
1515,36360,0,45070
1516,36384,0,45070
1517,36408,0,45070
1518,36432,0,45070
1519,36456,0,45070
1520,36480,0,45070
1521,36504,0,45070
1522,36528,0,45070
1523,36552,1,45070
1524,36576,0,45070
1525,36600,0,45070
1526,36624,0,45070
1527,36648,0,45070
1528,36672,0,45070
1529,36696,0,45070
1530,36720,0,45070
1531,36744,0,45070
1532,36768,0,45070
1533,36792,0,45070
1534,36816,0,45070
1535,36840,0,45070
1536,36864,0,45070
1537,36888,0,45070
1538,36912,0,45070
1539,36936,0,45070
1540,36960,0,45070
1541,36984,0,45070
1542,37008,0,45070
1543,37032,0,45070
1544,37056,0,45070
1545,37080,0,45070
1546,37104,0,45070
1547,37128,0,45070
1548,37152,0,45070
1549,37176,0,45070
1550,37200,0,45070
1551,37224,0,45070
1552,37248,0,45070
1553,37272,0,45070
1554,37296,0,45070
1555,37320,0,45070
1556,37344,0,45070
1557,37368,0,45070
1558,37392,0,45070
1559,37416,0,45070
1560,37440,0,45070
1561,37464,0,45070
1562,37488,0,45070
1563,37512,0,45070
1564,37536,0,45070
1565,37560,0,45070
1566,37584,0,45070
1567,37608,0,45070
1568,37632,0,45070
1569,37656,0,45070
1570,37680,0,45070
1571,37704,0,45070
1572,37728,0,45070
1573,37752,0,45070
1574,37776,0,45070
1575,37800,0,45070
1576,37824,0,45070
1577,37848,0,45070
1578,37872,0,45070
1579,37896,0,45070
1580,37920,0,45070
1581,37944,0,45070
1582,37968,0,45070
1583,37992,0,45070
1584,38016,0,45070
1585,38040,0,45070
1586,38064,0,45070
1587,38088,0,45070
1588,38112,0,45070
1589,38136,0,45070
1590,38160,0,45070
1591,38184,0,45070
1592,38208,0,45070
1593,38232,0,45070
1594,38256,0,45070
1595,38280,0,45070
1596,38304,0,45070
1597,38328,0,45070
1598,38352,0,45070
1599,38376,0,45070
1600,38400,0,45070
1601,38424,0,45070
1602,38448,0,45070
1603,38472,0,45070
1604,38496,0,45070
1605,38520,0,45070
1606,38544,0,45070
1607,38568,0,45070
1608,38592,0,45070
1609,38616,0,45070
1610,38640,0,45070
1611,38664,0,45070
1612,38688,0,45070
1613,38712,0,45070
1614,38736,0,45070
1615,38760,0,45070
1616,38784,0,45070
1617,38808,0,45070
1618,38832,0,45070
1619,38856,0,45070
1620,38880,0,45070
1621,38904,0,45070
1622,38928,0,45070
1623,38952,0,45070
1624,38976,0,45070
1625,39000,0,45070
1626,39024,0,45070
1627,39048,0,45070
1628,39072,0,45070
1629,39096,0,45070
1630,39120,0,45070
1631,39144,0,45070
1632,39168,0,45070
1633,39192,0,45070
1634,39216,0,45070
1635,39240,0,45070
1636,39264,0,45070
1637,39288,0,45070
1638,39312,0,45070
1639,39336,0,45070
1640,39360,0,45070
1641,39384,0,45070
1642,39408,0,45070
1643,39432,0,45070
1644,39456,0,45070
1645,39480,0,45070
1646,39504,0,45070
1647,39528,0,45070
1648,39552,0,45070
1649,39576,0,45070
1650,39600,0,45070
1651,39624,0,45070
1652,39648,0,45070
1653,39672,0,45070
1654,39696,0,45070
1655,39720,0,45070
1656,39744,0,45070
1657,39768,0,45070
1658,39792,0,45070
1659,39816,0,45070
1660,39840,0,45070
1661,39864,0,45070
1662,39888,0,45070
1663,39912,0,45070
1664,39936,0,45070
1665,39960,0,45070
1666,39984,0,45070
1667,40008,0,45070
1668,40032,0,45070
1669,40056,0,45070
1670,40080,0,45070
1671,40104,0,45070
1672,40128,0,45070
1673,40152,0,45070
1674,40176,0,45070
1675,40200,0,45070
1676,40224,0,45070
1677,40248,0,45070
1678,40272,0,45070
1679,40296,0,45070
1680,40320,0,45070
1681,40344,0,45070
1682,40368,0,45070
1683,40392,0,45070
1684,40416,0,45070
1685,40440,0,45070
1686,40464,0,45070
1687,40488,0,45070
1688,40512,0,45070
1689,40536,0,45070
1690,40560,0,45070
1691,40584,0,45070
1692,40608,0,45070
1693,40632,0,45070
1694,40656,0,45070
1695,40680,0,45070
1696,40704,0,45070
1697,40728,0,45070
1698,40752,0,45070
1699,40776,0,45070
1700,40800,0,45070
1701,40824,0,45070
1702,40848,0,45070
1703,40872,0,45070
1704,40896,0,45070
1705,40920,0,45070
1706,40944,0,45070
1707,40968,0,45070
1708,40992,0,45070
1709,41016,0,45070
1710,41040,0,45070
1711,41064,0,45070
1712,41088,0,45070
1713,41112,0,45070
1714,41136,0,45070
1715,41160,0,45070
1716,41184,0,45070
1717,41208,0,45070
1718,41232,0,45070
1719,41256,0,45070
1720,41280,0,45070
1721,41304,0,45070
1722,41328,0,45070
1723,41352,0,45070
1724,41376,0,45070
1725,41400,0,45070
1726,41424,0,45070
1727,41448,0,45070
1728,41472,0,45070
1729,41496,0,45070
1730,41520,0,45070
1731,41544,0,45070
1732,41568,0,45070
1733,41592,0,45070
1734,41616,0,45070
1735,41640,0,45070
1736,41664,0,45070
1737,41688,0,45070
1738,41712,0,45070
1739,41736,0,45070
1740,41760,0,45070
1741,41784,0,45070
1742,41808,0,45070
1743,41832,0,45070
1744,41856,0,45070
1745,41880,0,45070
1746,41904,0,45070
1747,41928,0,45070
1748,41952,0,45070
1749,41976,0,45070
1750,42000,0,45070
1751,42024,0,45070
1752,42048,0,45070
1753,42072,0,45070
1754,42096,0,45070
1755,42120,0,45070
1756,42144,0,45070
1757,42168,0,45070
1758,42192,0,45070
1759,42216,0,45070
1760,42240,0,45070
1761,42264,0,45070
1762,42288,0,45070
1763,42312,0,45070
1764,42336,0,45070
1765,42360,0,45070
1766,42384,0,45070
1767,42408,0,45070
1768,42432,0,45070
1769,42456,0,45070
1770,42480,0,45070
1771,42504,0,45070
1772,42528,0,45070
1773,42552,0,45070
1774,42576,0,45070
1775,42600,0,45070
1776,42624,0,45070
1777,42648,0,45070
1778,42672,0,45070
1779,42696,0,45070
1780,42720,0,45070
1781,42744,0,45070
1782,42768,0,45070
1783,42792,0,45070
1784,42816,0,45070
1785,42840,0,45070
1786,42864,0,45070
1787,42888,0,45070
1788,42912,0,45070
1789,42936,0,45070
1790,42960,0,45070
1791,42984,0,45070
1792,43008,0,45070
1793,43032,0,45070
1794,43056,0,45070
1795,43080,0,45070
1796,43104,1,45070
1797,43128,0,45070
1798,43152,0,45070
1799,43176,0,45070
1800,43200,0,45070
1801,43224,0,45070
1802,43248,0,45070
1803,43272,0,45070
1804,43296,0,45070
1805,43320,0,45070
1806,43344,0,45070
1807,43368,0,45070
1808,43392,0,45070
1809,43416,0,45070
1810,43440,0,45070
1811,43464,0,45070
1812,43488,0,45070
1813,43512,0,45070
1814,43536,0,45070
1815,43560,0,45070
1816,43584,0,45070
1817,43608,1,45070
1818,43632,0,45070
1819,43656,0,45070
1820,43680,0,45070
1821,43704,0,45070
1822,43728,0,45070
1823,43752,0,45070
1824,43776,0,45070
1825,43800,0,45070
1826,43824,0,45070
1827,43848,0,45070
1828,43872,0,45070
1829,43896,0,45070
1830,43920,0,45070
1831,43944,0,45070
1832,43968,0,45070
1833,43992,0,45070
1834,44016,0,45070
1835,44040,0,45070
1836,44064,1,45070
1837,44088,0,45070
1838,44112,0,45070
1839,44136,0,45070
1840,44160,0,45070
1841,44184,0,45070
1842,44208,0,45070
1843,44232,0,45070
1844,44256,0,45070
1845,44280,0,45070
1846,44304,0,45070
1847,44328,0,45070
1848,44352,1,45070
1849,44376,1,45070
1850,44400,0,45070
1851,44424,0,45070
1852,44448,0,45070
1853,44472,0,45070
1854,44496,0,45070
1855,44520,0,45070
1856,44544,0,45070
1857,44568,0,45070
1858,44592,0,45070
1859,44616,0,45070
1860,44640,0,45070
1861,44664,0,45070
1862,44688,0,45070
1863,44712,0,45070
1864,44736,0,45070
1865,44760,0,45070
1866,44784,0,45070
1867,44808,0,45070
1868,44832,0,45070
1869,44856,0,45070
1870,44880,0,45070
1871,44904,0,45070
1872,44928,0,45070
1873,44952,0,45070
1874,44976,0,45070
1875,45000,0,45070
1876,45024,0,45070
1877,45048,0,45070
1878,45072,0,45070
1879,45096,0,45070
1880,45120,0,45070
1881,45144,0,45070
1882,45168,0,45070
1883,45192,0,45070
1884,45216,0,45070
1885,45240,0,45070
1886,45264,0,45070
1887,45288,0,45070
1888,45312,0,45070
1889,45336,0,45070
1890,45360,0,45070
1891,45384,0,45070
1892,45408,0,45070
1893,45432,0,45070
1894,45456,0,45070
1895,45480,0,45070
1896,45504,0,45070
1897,45528,0,45070
1898,45552,0,45070
1899,45576,0,45070
1900,45600,0,45070
1901,45624,0,45070
1902,45648,0,45070
1903,45672,0,45070
1904,45696,0,45070
1905,45720,0,45070
1906,45744,0,45070
1907,45768,0,45070
1908,45792,0,45070
1909,45816,0,45070
1910,45840,0,45070
1911,45864,0,45070
1912,45888,0,45070
1913,45912,0,45070
1914,45936,0,45070
1915,45960,0,45070
1916,45984,0,45070
1917,46008,0,45070
1918,46032,0,45070
1919,46056,0,45070
1920,46080,0,45070
1921,46104,0,45070
1922,46128,0,45070
1923,46152,0,45070
1924,46176,0,45070
1925,46200,0,45070
1926,46224,0,45070
1927,46248,0,45070
1928,46272,0,45070
1929,46296,0,45070
1930,46320,0,45070
1931,46344,0,45070
1932,46368,0,45070
1933,46392,0,45070
1934,46416,0,45070
1935,46440,0,45070
1936,46464,0,45070
1937,46488,0,45070
1938,46512,0,45070
1939,46536,0,45070
1940,46560,0,45070
1941,46584,0,45070
1942,46608,0,45070
1943,46632,0,45070
1944,46656,0,45070
1945,46680,0,45070
1946,46704,0,45070
1947,46728,0,45070
1948,46752,0,45070
1949,46776,0,45070
1950,46800,0,45070
1951,46824,0,45070
1952,46848,0,45070
1953,46872,0,45070
1954,46896,0,45070
1955,46920,0,45070
1956,46944,0,45070
1957,46968,0,45070
1958,46992,0,45070
1959,47016,0,45070
1960,47040,0,45070
1961,47064,0,45070
1962,47088,0,45070
1963,47112,0,45070
1964,47136,0,45070
1965,47160,0,45070
1966,47184,0,45070
1967,47208,0,45070
1968,47232,0,45070
1969,47256,0,45070
1970,47280,0,45070
1971,47304,0,45070
1972,47328,0,45070
1973,47352,0,45070
1974,47376,0,45070
1975,47400,0,45070
1976,47424,0,45070
1977,47448,0,45070
1978,47472,0,45070
1979,47496,0,45070
1980,47520,0,45070
1981,47544,0,45070
1982,47568,0,45070
1983,47592,0,45070
1984,47616,0,45070
1985,47640,0,45070
1986,47664,0,45070
1987,47688,0,45070
1988,47712,0,45070
1989,47736,0,45070
1990,47760,0,45070
1991,47784,0,45070
1992,47808,0,45070
1993,47832,0,45070
1994,47856,0,45070
1995,47880,0,45070
1996,47904,0,45070
1997,47928,0,45070
1998,47952,0,45070
1999,47976,0,45070
2000,48000,0,45070
2001,48024,0,45070
2002,48048,0,45070
2003,48072,0,45070
2004,48096,0,45070
2005,48120,0,45070
2006,48144,0,45070
2007,48168,0,45070
2008,48192,0,45070
2009,48216,0,45070
2010,48240,0,45070
2011,48264,0,45070
2012,48288,0,45070
2013,48312,0,45070
2014,48336,0,45070
2015,48360,0,45070
2016,48384,0,45070
2017,48408,0,45070
2018,48432,0,45070
2019,48456,0,45070
2020,48480,0,45070
2021,48504,0,45070
2022,48528,0,45070
2023,48552,0,45070
2024,48576,0,45070
2025,48600,0,45070
2026,48624,0,45070
2027,48648,0,45070
2028,48672,0,45070
2029,48696,0,45070
2030,48720,0,45070
2031,48744,0,45070
2032,48768,0,45070
2033,48792,0,45070
2034,48816,0,45070
2035,48840,0,45070
2036,48864,0,45070
2037,48888,0,45070
2038,48912,0,45070
2039,48936,0,45070
2040,48960,0,45070
2041,48984,0,45070
2042,49008,0,45070
2043,49032,0,45070
2044,49056,0,45070
2045,49080,0,45070
2046,49104,0,45070
2047,49128,0,45070
2048,49152,0,45070
2049,49176,0,45070
2050,49200,0,45070
2051,49224,0,45070
2052,49248,0,45070
2053,49272,0,45070
2054,49296,0,45070
2055,49320,0,45070
2056,49344,0,45070
2057,49368,0,45070
2058,49392,0,45070
2059,49416,0,45070
2060,49440,0,45070
2061,49464,0,45070
2062,49488,0,45070
2063,49512,0,45070
2064,49536,0,45070
2065,49560,0,45070
2066,49584,0,45070
2067,49608,0,45070
2068,49632,0,45070
2069,49656,0,45070
2070,49680,0,45070
2071,49704,0,45070
2072,49728,0,45070
2073,49752,0,45070
2074,49776,0,45070
2075,49800,0,45070
2076,49824,0,45070
2077,49848,0,45070
2078,49872,0,45070
2079,49896,0,45070
2080,49920,0,45070
2081,49944,0,45070
2082,49968,0,45070
2083,49992,0,45070
2084,50016,0,45070
2085,50040,0,45070
2086,50064,0,45070
2087,50088,0,45070
2088,50112,0,45070
2089,50136,0,45070
2090,50160,0,45070
2091,50184,0,45070
2092,50208,0,45070
2093,50232,0,45070
2094,50256,0,45070
2095,50280,0,45070
2096,50304,0,45070
2097,50328,0,45070
2098,50352,0,45070
2099,50376,0,45070
2100,50400,0,45070
2101,50424,0,45070
2102,50448,0,45070
2103,50472,0,45070
2104,50496,0,45070
2105,50520,0,45070
2106,50544,0,45070
2107,50568,0,45070
2108,50592,0,45070
2109,50616,0,45070
2110,50640,0,45070
2111,50664,0,45070
2112,50688,0,45070
2113,50712,0,45070
2114,50736,0,45070
2115,50760,0,45070
2116,50784,0,45070
2117,50808,0,45070
2118,50832,0,45070
2119,50856,0,45070
2120,50880,0,45070
2121,50904,0,45070
2122,50928,0,45070
2123,50952,0,45070
2124,50976,0,45070
2125,51000,0,45070
2126,51024,0,45070
2127,51048,0,45070
2128,51072,0,45070
2129,51096,0,45070
2130,51120,0,45070
2131,51144,0,45070
2132,51168,0,45070
2133,51192,0,45070
2134,51216,0,45070
2135,51240,0,45070
2136,51264,0,45070
2137,51288,0,45070
2138,51312,0,45070
2139,51336,0,45070
2140,51360,0,45070
2141,51384,0,45070
2142,51408,0,45070
2143,51432,0,45070
2144,51456,0,45070
2145,51480,0,45070
2146,51504,0,45070
2147,51528,0,45070
2148,51552,0,45070
2149,51576,0,45070
2150,51600,0,45070
2151,51624,1,45070
2152,51648,0,45070
2153,51672,1,45070
2154,51696,0,45070
2155,51720,0,45070
2156,51744,0,45070
2157,51768,0,45070
2158,51792,0,45070
2159,51816,0,45070
2160,51840,0,45070
2161,51864,0,45070
2162,51888,0,45070
2163,51912,0,45070
2164,51936,0,45070
2165,51960,0,45070
2166,51984,0,45070
2167,52008,0,45070
2168,52032,0,45070
2169,52056,0,45070
2170,52080,0,45070
2171,52104,0,45070
2172,52128,0,45070
2173,52152,0,45070
2174,52176,0,45070
2175,52200,0,45070
2176,52224,0,45070
2177,52248,0,45070
2178,52272,0,45070
2179,52296,0,45070
2180,52320,0,45070
2181,52344,0,45070
2182,52368,0,45070
2183,52392,0,45070
2184,52416,0,45070
2185,52440,0,45070
2186,52464,0,45070
2187,52488,0,45070
2188,52512,0,45070
2189,52536,0,45070
2190,52560,0,45070
2191,52584,0,45070
2192,52608,0,45070
2193,52632,0,45070
2194,52656,0,45070
2195,52680,0,45070
2196,52704,0,45070
2197,52728,0,45070
2198,52752,0,45070
2199,52776,0,45070
2200,52800,0,45070
2201,52824,0,45070
2202,52848,0,45070
2203,52872,0,45070
2204,52896,0,45070
2205,52920,0,45070
2206,52944,0,45070
2207,52968,0,45070
2208,52992,0,45070
2209,53016,0,45070
2210,53040,0,45070
2211,53064,0,45070
2212,53088,0,45070
2213,53112,0,45070
2214,53136,0,45070
2215,53160,0,45070
2216,53184,0,45070
2217,53208,1,45070
2218,53232,1,45070
2219,53256,0,45070
2220,53280,0,45070
2221,53304,1,45070
2222,53328,0,45070
2223,53352,1,45070
2224,53376,1,45070
2225,53400,0,45070
2226,53424,1,45070
2227,53448,1,45070
2228,53472,1,45070
2229,53496,1,45070
2230,53520,1,45070
2231,53544,1,45070
2232,53568,1,45070
2233,53592,1,45070
2234,53616,1,45070
2235,53640,0,45070
2236,53664,1,45070
2237,53688,1,45070
2238,53712,0,45070
2239,53736,0,45070
2240,53760,0,45070
2241,53784,0,45070
2242,53808,0,45070
2243,53832,0,45070
2244,53856,1,45070
2245,53880,1,45070
2246,53904,0,45070
2247,53928,1,45070
2248,53952,0,45070
2249,53976,0,45070
2250,54000,1,45070
2251,54024,0,45070
2252,54048,0,45070
2253,54072,0,45070
2254,54096,0,45070
2255,54120,0,45070
2256,54144,0,45070
2257,54168,0,45070
2258,54192,0,45070
2259,54216,0,45070
2260,54240,0,45070
2261,54264,0,45070
2262,54288,0,45070
2263,54312,0,45070
2264,54336,0,45070
2265,54360,0,45070
2266,54384,0,45070
2267,54408,0,45070
2268,54432,0,45070
2269,54456,0,45070
2270,54480,0,45070
2271,54504,0,45070
2272,54528,0,45070
2273,54552,0,45070
2274,54576,0,45070
2275,54600,0,45070
2276,54624,0,45070
2277,54648,0,45070
2278,54672,0,45070
2279,54696,0,45070
2280,54720,0,45070
2281,54744,0,45070
2282,54768,0,45070
2283,54792,0,45070
2284,54816,0,45070
2285,54840,0,45070
2286,54864,0,45070
2287,54888,0,45070
2288,54912,0,45070
2289,54936,0,45070
2290,54960,0,45070
2291,54984,0,45070
2292,55008,0,45070
2293,55032,0,45070
2294,55056,0,45070
2295,55080,0,45070
2296,55104,0,45070
2297,55128,0,45070
2298,55152,0,45070
2299,55176,0,45070
2300,55200,0,45070
2301,55224,0,45070
2302,55248,0,45070
2303,55272,0,45070
2304,55296,0,45070
2305,55320,0,45070
2306,55344,0,45070
2307,55368,0,45070
2308,55392,0,45070
2309,55416,0,45070
2310,55440,0,45070
2311,55464,0,45070
2312,55488,0,45070
2313,55512,0,45070
2314,55536,0,45070
2315,55560,0,45070
2316,55584,0,45070
2317,55608,0,45070
2318,55632,0,45070
2319,55656,0,45070
2320,55680,0,45070
2321,55704,0,45070
2322,55728,0,45070
2323,55752,0,45070
2324,55776,0,45070
2325,55800,0,45070
2326,55824,0,45070
2327,55848,0,45070
2328,55872,0,45070
2329,55896,0,45070
2330,55920,0,45070
2331,55944,0,45070
2332,55968,0,45070
2333,55992,0,45070
2334,56016,0,45070
2335,56040,0,45070
2336,56064,0,45070
2337,56088,0,45070
2338,56112,0,45070
2339,56136,0,45070
2340,56160,0,45070
2341,56184,0,45070
2342,56208,0,45070
2343,56232,0,45070
2344,56256,0,45070
2345,56280,0,45070
2346,56304,0,45070
2347,56328,0,45070
2348,56352,0,45070
2349,56376,0,45070
2350,56400,0,45070
2351,56424,0,45070
2352,56448,0,45070
2353,56472,0,45070
2354,56496,0,45070
2355,56520,0,45070
2356,56544,0,45070
2357,56568,0,45070
2358,56592,0,45070
2359,56616,0,45070
2360,56640,0,45070
2361,56664,0,45070
2362,56688,0,45070
2363,56712,0,45070
2364,56736,0,45070
2365,56760,0,45070
2366,56784,0,45070
2367,56808,0,45070
2368,56832,0,45070
2369,56856,0,45070
2370,56880,0,45070
2371,56904,0,45070
2372,56928,0,45070
2373,56952,0,45070
2374,56976,1,45070
2375,57000,0,45070
2376,57024,0,45070
2377,57048,0,45070
2378,57072,0,45070
2379,57096,0,45070
2380,57120,0,45070
2381,57144,0,45070
2382,57168,0,45070
2383,57192,0,45070
2384,57216,0,45070
2385,57240,1,45070
2386,57264,1,45070
2387,57288,1,45070
2388,57312,0,45070
2389,57336,0,45070
2390,57360,0,45070
2391,57384,0,45070
2392,57408,0,45070
2393,57432,0,45070
2394,57456,0,45070
2395,57480,0,45070
2396,57504,0,45070
2397,57528,0,45070
2398,57552,0,45070
2399,57576,0,45070
2400,57600,0,45070
2401,57624,0,45070
2402,57648,0,45070
2403,57672,0,45070
2404,57696,0,45070
2405,57720,0,45070
2406,57744,0,45070
2407,57768,0,45070
2408,57792,1,45070
2409,57816,0,45070
2410,57840,0,45070
2411,57864,0,45070
2412,57888,0,45070
2413,57912,0,45070
2414,57936,0,45070
2415,57960,0,45070
2416,57984,0,45070
2417,58008,0,45070
2418,58032,0,45070
2419,58056,0,45070
2420,58080,0,45070
2421,58104,0,45070
2422,58128,0,45070
2423,58152,0,45070
2424,58176,0,45070
2425,58200,0,45070
2426,58224,0,45070
2427,58248,0,45070
2428,58272,0,45070
2429,58296,0,45070
2430,58320,0,45070
2431,58344,0,45070
2432,58368,0,45070
2433,58392,0,45070
2434,58416,0,45070
2435,58440,0,45070
2436,58464,0,45070
2437,58488,0,45070
2438,58512,0,45070
2439,58536,0,45070
2440,58560,0,45070
2441,58584,0,45070
2442,58608,0,45070
2443,58632,0,45070
2444,58656,0,45070
2445,58680,0,45070
2446,58704,0,45070
2447,58728,0,45070
2448,58752,0,45070
2449,58776,0,45070
2450,58800,0,45070
2451,58824,0,45070
2452,58848,0,45070
2453,58872,0,45070
2454,58896,0,45070
2455,58920,0,45070
2456,58944,0,45070
2457,58968,0,45070
2458,58992,0,45070
2459,59016,0,45070
2460,59040,0,45070
2461,59064,0,45070
2462,59088,0,45070
2463,59112,0,45070
2464,59136,0,45070
2465,59160,0,45070
2466,59184,0,45070
2467,59208,0,45070
2468,59232,0,45070
2469,59256,0,45070
2470,59280,0,45070
2471,59304,0,45070
2472,59328,0,45070
2473,59352,0,45070
2474,59376,0,45070
2475,59400,0,45070
2476,59424,0,45070
2477,59448,0,45070
2478,59472,0,45070
2479,59496,0,45070
2480,59520,0,45070
2481,59544,0,45070
2482,59568,0,45070
2483,59592,0,45070
2484,59616,0,45070
2485,59640,0,45070
2486,59664,0,45070
2487,59688,0,45070
2488,59712,0,45070
2489,59736,0,45070
2490,59760,0,45070
2491,59784,0,45070
2492,59808,0,45070
2493,59832,0,45070
2494,59856,0,45070
2495,59880,0,45070
2496,59904,0,45070
2497,59928,0,45070
2498,59952,0,45070
2499,59976,0,45070
2500,60000,0,45070
2501,60024,0,45070
2502,60048,0,45070
2503,60072,0,45070
2504,60096,0,45070
2505,60120,0,45070
2506,60144,0,45070
2507,60168,0,45070
2508,60192,0,45070
2509,60216,0,45070
2510,60240,0,45070
2511,60264,0,45070
2512,60288,0,45070
2513,60312,0,45070
2514,60336,0,45070
2515,60360,0,45070
2516,60384,0,45070
2517,60408,0,45070
2518,60432,0,45070
2519,60456,0,45070
2520,60480,0,45070
2521,60504,0,45070
2522,60528,0,45070
2523,60552,0,45070
2524,60576,0,45070
2525,60600,0,45070
2526,60624,0,45070
2527,60648,0,45070
2528,60672,0,45070
2529,60696,0,45070
2530,60720,0,45070
2531,60744,0,45070
2532,60768,0,45070
2533,60792,0,45070
2534,60816,0,45070
2535,60840,0,45070
2536,60864,0,45070
2537,60888,0,45070
2538,60912,0,45070
2539,60936,0,45070
2540,60960,0,45070
2541,60984,0,45070
2542,61008,0,45070
2543,61032,0,45070
2544,61056,0,45070
2545,61080,0,45070
2546,61104,0,45070
2547,61128,1,45070
2548,61152,1,45070
2549,61176,1,45070
2550,61200,0,45070
2551,61224,0,45070
2552,61248,0,45070
2553,61272,0,45070
2554,61296,0,45070
2555,61320,0,45070
2556,61344,0,45070
2557,61368,0,45070
2558,61392,0,45070
2559,61416,0,45070
2560,61440,0,45070
2561,61464,0,45070
2562,61488,0,45070
2563,61512,0,45070
2564,61536,0,45070
2565,61560,0,45070
2566,61584,0,45070
2567,61608,0,45070
2568,61632,0,45070
2569,61656,0,45070
2570,61680,0,45070
2571,61704,0,45070
2572,61728,0,45070
2573,61752,0,45070
2574,61776,0,45070
2575,61800,0,45070
2576,61824,0,45070
2577,61848,0,45070
2578,61872,0,45070
2579,61896,0,45070
2580,61920,0,45070
2581,61944,0,45070
2582,61968,0,45070
2583,61992,0,45070
2584,62016,0,45070
2585,62040,0,45070
2586,62064,0,45070
2587,62088,0,45070
2588,62112,0,45070
2589,62136,0,45070
2590,62160,0,45070
2591,62184,0,45070
2592,62208,0,45070
2593,62232,0,45070
2594,62256,0,45070
2595,62280,0,45070
2596,62304,0,45070
2597,62328,0,45070
2598,62352,0,45070
2599,62376,0,45070
2600,62400,0,45070
2601,62424,0,45070
2602,62448,0,45070
2603,62472,0,45070
2604,62496,0,45070
2605,62520,0,45070
2606,62544,0,45070
2607,62568,0,45070
2608,62592,0,45070
2609,62616,0,45070
2610,62640,0,45070
2611,62664,0,45070
2612,62688,0,45070
2613,62712,0,45070
2614,62736,0,45070
2615,62760,0,45070
2616,62784,0,45070
2617,62808,0,45070
2618,62832,0,45070
2619,62856,0,45070
2620,62880,0,45070
2621,62904,0,45070
2622,62928,0,45070
2623,62952,0,45070
2624,62976,0,45070
2625,63000,0,45070
2626,63024,0,45070
2627,63048,0,45070
2628,63072,0,45070
2629,63096,0,45070
2630,63120,0,45070
2631,63144,0,45070
2632,63168,0,45070
2633,63192,0,45070
2634,63216,0,45070
2635,63240,0,45070
2636,63264,0,45070
2637,63288,0,45070
2638,63312,0,45070
2639,63336,0,45070
2640,63360,0,45070
2641,63384,0,45070
2642,63408,0,45070
2643,63432,0,45070
2644,63456,0,45070
2645,63480,0,45070
2646,63504,0,45070
2647,63528,0,45070
2648,63552,0,45070
2649,63576,0,45070
2650,63600,0,45070
2651,63624,0,45070
2652,63648,0,45070
2653,63672,0,45070
2654,63696,0,45070
2655,63720,0,45070
2656,63744,0,45070
2657,63768,0,45070
2658,63792,0,45070
2659,63816,0,45070
2660,63840,0,45070
2661,63864,0,45070
2662,63888,0,45070
2663,63912,0,45070
2664,63936,0,45070
2665,63960,0,45070
2666,63984,0,45070
2667,64008,0,45070
2668,64032,0,45070
2669,64056,0,45070
2670,64080,0,45070
2671,64104,0,45070
2672,64128,0,45070
2673,64152,0,45070
2674,64176,0,45070
2675,64200,0,45070
2676,64224,0,45070
2677,64248,0,45070
2678,64272,0,45070
2679,64296,0,45070
2680,64320,0,45070
2681,64344,0,45070
2682,64368,0,45070
2683,64392,0,45070
2684,64416,0,45070
2685,64440,0,45070
2686,64464,0,45070
2687,64488,0,45070
2688,64512,0,45070
2689,64536,0,45070
2690,64560,0,45070
2691,64584,0,45070
2692,64608,0,45070
2693,64632,0,45070
2694,64656,0,45070
2695,64680,1,45070
2696,64704,1,45070
2697,64728,1,45070
2698,64752,0,45070
2699,64776,0,45070
2700,64800,0,45070
2701,64824,0,45070
2702,64848,0,45070
2703,64872,0,45070
2704,64896,0,45070
2705,64920,0,45070
2706,64944,0,45070
2707,64968,0,45070
2708,64992,0,45070
2709,65016,0,45070
2710,65040,0,45070
2711,65064,0,45070
2712,65088,0,45070
2713,65112,0,45070
2714,65136,0,45070
2715,65160,1,45070
2716,65184,0,45070
2717,65208,0,45070
2718,65232,0,45070
2719,65256,0,45070
2720,65280,0,45070
2721,65304,1,45070
2722,65328,0,45070
2723,65352,0,45070
2724,65376,0,45070
2725,65400,0,45070
2726,65424,0,45070
2727,65448,0,45070
2728,65472,0,45070
2729,65496,1,45070
2730,65520,0,45070
2731,65544,0,45070
2732,65568,0,45070
2733,65592,0,45070
2734,65616,0,45070
2735,65640,0,45070
2736,65664,0,45070
2737,65688,0,45070
2738,65712,0,45070
2739,65736,0,45070
2740,65760,0,45070
2741,65784,0,45070
2742,65808,0,45070
2743,65832,0,45070
2744,65856,0,45070
2745,65880,0,45070
2746,65904,0,45070
2747,65928,0,45070
2748,65952,0,45070
2749,65976,0,45070
2750,66000,0,45070
2751,66024,0,45070
2752,66048,0,45070
2753,66072,0,45070
2754,66096,0,45070
2755,66120,0,45070
2756,66144,0,45070
2757,66168,0,45070
2758,66192,0,45070
2759,66216,0,45070
2760,66240,0,45070
2761,66264,0,45070
2762,66288,0,45070
2763,66312,0,45070
2764,66336,0,45070
2765,66360,0,45070
2766,66384,0,45070
2767,66408,0,45070
2768,66432,0,45070
2769,66456,0,45070
2770,66480,0,45070
2771,66504,0,45070
2772,66528,0,45070
2773,66552,0,45070
2774,66576,0,45070
2775,66600,0,45070
2776,66624,0,45070
2777,66648,0,45070
2778,66672,0,45070
2779,66696,0,45070
2780,66720,0,45070
2781,66744,0,45070
2782,66768,0,45070
2783,66792,0,45070
2784,66816,0,45070
2785,66840,0,45070
2786,66864,0,45070
2787,66888,0,45070
2788,66912,0,45070
2789,66936,0,45070
2790,66960,0,45070
2791,66984,0,45070
2792,67008,0,45070
2793,67032,0,45070
2794,67056,0,45070
2795,67080,0,45070
2796,67104,0,45070
2797,67128,0,45070
2798,67152,0,45070
2799,67176,0,45070
2800,67200,0,45070
2801,67224,0,45070
2802,67248,0,45070
2803,67272,0,45070
2804,67296,0,45070
2805,67320,0,45070
2806,67344,0,45070
2807,67368,0,45070
2808,67392,0,45070
2809,67416,0,45070
2810,67440,0,45070
2811,67464,0,45070
2812,67488,0,45070
2813,67512,0,45070
2814,67536,0,45070
2815,67560,0,45070
2816,67584,0,45070
2817,67608,0,45070
2818,67632,0,45070
2819,67656,0,45070
2820,67680,0,45070
2821,67704,0,45070
2822,67728,0,45070
2823,67752,0,45070
2824,67776,0,45070
2825,67800,0,45070
2826,67824,0,45070
2827,67848,0,45070
2828,67872,0,45070
2829,67896,0,45070
2830,67920,0,45070
2831,67944,0,45070
2832,67968,0,45070
2833,67992,0,45070
2834,68016,0,45070
2835,68040,0,45070
2836,68064,0,45070
2837,68088,0,45070
2838,68112,0,45070
2839,68136,0,45070
2840,68160,0,45070
2841,68184,0,45070
2842,68208,0,45070
2843,68232,0,45070
2844,68256,0,45070
2845,68280,0,45070
2846,68304,0,45070
2847,68328,0,45070
2848,68352,0,45070
2849,68376,0,45070
2850,68400,0,45070
2851,68424,0,45070
2852,68448,0,45070
2853,68472,0,45070
2854,68496,0,45070
2855,68520,0,45070
2856,68544,0,45070
2857,68568,0,45070
2858,68592,0,45070
2859,68616,0,45070
2860,68640,0,45070
2861,68664,0,45070
2862,68688,0,45070
2863,68712,0,45070
2864,68736,0,45070
2865,68760,0,45070
2866,68784,0,45070
2867,68808,0,45070
2868,68832,0,45070
2869,68856,0,45070
2870,68880,0,45070
2871,68904,0,45070
2872,68928,0,45070
2873,68952,0,45070
2874,68976,0,45070
2875,69000,0,45070
2876,69024,0,45070
2877,69048,0,45070
2878,69072,0,45070
2879,69096,0,45070
2880,69120,0,45070
2881,69144,0,45070
2882,69168,0,45070
2883,69192,0,45070
2884,69216,0,45070
2885,69240,0,45070
2886,69264,0,45070
2887,69288,0,45070
2888,69312,0,45070
2889,69336,0,45070
2890,69360,0,45070
2891,69384,0,45070
2892,69408,0,45070
2893,69432,0,45070
2894,69456,0,45070
2895,69480,0,45070
2896,69504,0,45070
2897,69528,0,45070
2898,69552,0,45070
2899,69576,0,45070
2900,69600,0,45070
2901,69624,0,45070
2902,69648,0,45070
2903,69672,0,45070
2904,69696,0,45070
2905,69720,0,45070
2906,69744,0,45070
2907,69768,0,45070
2908,69792,0,45070
2909,69816,0,45070
2910,69840,0,45070
2911,69864,0,45070
2912,69888,0,45070
2913,69912,0,45070
2914,69936,0,45070
2915,69960,0,45070
2916,69984,0,45070
2917,70008,0,45070
2918,70032,0,45070
2919,70056,0,45070
2920,70080,1,45070
2921,70104,0,45070
2922,70128,0,45070
2923,70152,0,45070
2924,70176,0,45070
2925,70200,0,45070
2926,70224,0,45070
2927,70248,0,45070
2928,70272,0,45070
2929,70296,0,45070
2930,70320,0,45070
2931,70344,0,45070
2932,70368,0,45070
2933,70392,0,45070
2934,70416,0,45070
2935,70440,0,45070
2936,70464,0,45070
2937,70488,0,45070
2938,70512,0,45070
2939,70536,0,45070
2940,70560,0,45070
2941,70584,0,45070
2942,70608,0,45070
2943,70632,0,45070
2944,70656,0,45070
2945,70680,0,45070
2946,70704,0,45070
2947,70728,0,45070
2948,70752,0,45070
2949,70776,0,45070
2950,70800,0,45070
2951,70824,0,45070
2952,70848,0,45070
2953,70872,0,45070
2954,70896,0,45070
2955,70920,0,45070
2956,70944,0,45070
2957,70968,0,45070
2958,70992,0,45070
2959,71016,0,45070
2960,71040,0,45070
2961,71064,0,45070
2962,71088,0,45070
2963,71112,0,45070
2964,71136,0,45070
2965,71160,0,45070
2966,71184,0,45070
2967,71208,0,45070
2968,71232,0,45070
2969,71256,0,45070
2970,71280,0,45070
2971,71304,0,45070
2972,71328,0,45070
2973,71352,0,45070
2974,71376,0,45070
2975,71400,0,45070
2976,71424,0,45070
2977,71448,0,45070
2978,71472,0,45070
2979,71496,0,45070
2980,71520,0,45070
2981,71544,0,45070
2982,71568,0,45070
2983,71592,0,45070
2984,71616,0,45070
2985,71640,0,45070
2986,71664,0,45070
2987,71688,0,45070
2988,71712,0,45070
2989,71736,0,45070
2990,71760,0,45070
2991,71784,0,45070
2992,71808,0,45070
2993,71832,0,45070
2994,71856,0,45070
2995,71880,0,45070
2996,71904,0,45070
2997,71928,0,45070
2998,71952,0,45070
2999,71976,0,45070
3000,72000,0,45070
3001,72024,0,45070
3002,72048,0,45070
3003,72072,0,45070
3004,72096,0,45070
3005,72120,0,45070
3006,72144,0,45070
3007,72168,0,45070
3008,72192,0,45070
3009,72216,0,45070
3010,72240,0,45070
3011,72264,0,45070
3012,72288,0,45070
3013,72312,0,45070
3014,72336,0,45070
3015,72360,0,45070
3016,72384,0,45070
3017,72408,0,45070
3018,72432,0,45070
3019,72456,0,45070
3020,72480,0,45070
3021,72504,0,45070
3022,72528,0,45070
3023,72552,0,45070
3024,72576,0,45070
3025,72600,0,45070
3026,72624,0,45070
3027,72648,0,45070
3028,72672,0,45070
3029,72696,0,45070
3030,72720,0,45070
3031,72744,0,45070
3032,72768,0,45070
3033,72792,0,45070
3034,72816,0,45070
3035,72840,0,45070
3036,72864,0,45070
3037,72888,0,45070
3038,72912,0,45070
3039,72936,0,45070
3040,72960,0,45070
3041,72984,0,45070
3042,73008,0,45070
3043,73032,0,45070
3044,73056,0,45070
3045,73080,0,45070
3046,73104,0,45070
3047,73128,0,45070
3048,73152,0,45070
3049,73176,0,45070
3050,73200,0,45070
3051,73224,0,45070
3052,73248,0,45070
3053,73272,0,45070
3054,73296,0,45070
3055,73320,0,45070
3056,73344,0,45070
3057,73368,0,45070
3058,73392,0,45070
3059,73416,0,45070
3060,73440,0,45070
3061,73464,0,45070
3062,73488,0,45070
3063,73512,0,45070
3064,73536,0,45070
3065,73560,0,45070
3066,73584,0,45070
3067,73608,0,45070
3068,73632,0,45070
3069,73656,0,45070
3070,73680,0,45070
3071,73704,0,45070
3072,73728,0,45070
3073,73752,0,45070
3074,73776,0,45070
3075,73800,0,45070
3076,73824,0,45070
3077,73848,0,45070
3078,73872,0,45070
3079,73896,0,45070
3080,73920,0,45070
3081,73944,0,45070
3082,73968,0,45070
3083,73992,0,45070
3084,74016,0,45070
3085,74040,0,45070
3086,74064,0,45070
3087,74088,0,45070
3088,74112,0,45070
3089,74136,0,45070
3090,74160,0,45070
3091,74184,0,45070
3092,74208,0,45070
3093,74232,0,45070
3094,74256,0,45070
3095,74280,0,45070
3096,74304,0,45070
3097,74328,0,45070
3098,74352,0,45070
3099,74376,0,45070
3100,74400,0,45070
3101,74424,0,45070
3102,74448,1,45070
3103,74472,1,45070
3104,74496,0,45070
3105,74520,0,45070
3106,74544,0,45070
3107,74568,0,45070
3108,74592,0,45070
3109,74616,0,45070
3110,74640,0,45070
3111,74664,0,45070
3112,74688,0,45070
3113,74712,0,45070
3114,74736,0,45070
3115,74760,0,45070
3116,74784,0,45070
3117,74808,0,45070
3118,74832,0,45070
3119,74856,0,45070
3120,74880,0,45070
3121,74904,0,45070
3122,74928,0,45070
3123,74952,0,45070
3124,74976,0,45070
3125,75000,0,45070
3126,75024,0,45070
3127,75048,0,45070
3128,75072,0,45070
3129,75096,0,45070
3130,75120,0,45070
3131,75144,0,45070
3132,75168,0,45070
3133,75192,0,45070
3134,75216,0,45070
3135,75240,0,45070
3136,75264,0,45070
3137,75288,0,45070
3138,75312,0,45070
3139,75336,0,45070
3140,75360,0,45070
3141,75384,0,45070
3142,75408,0,45070
3143,75432,0,45070
3144,75456,0,45070
3145,75480,0,45070
3146,75504,0,45070
3147,75528,0,45070
3148,75552,0,45070
3149,75576,0,45070
3150,75600,0,45070
3151,75624,0,45070
3152,75648,0,45070
3153,75672,0,45070
3154,75696,0,45070
3155,75720,0,45070
3156,75744,0,45070
3157,75768,0,45070
3158,75792,0,45070
3159,75816,0,45070
3160,75840,0,45070
3161,75864,0,45070
3162,75888,0,45070
3163,75912,0,45070
3164,75936,0,45070
3165,75960,0,45070
3166,75984,0,45070
3167,76008,0,45070
3168,76032,0,45070
3169,76056,0,45070
3170,76080,1,45070
3171,76104,1,45070
3172,76128,0,45070
3173,76152,0,45070
3174,76176,0,45070
3175,76200,0,45070
3176,76224,1,45070
3177,76248,1,45070
3178,76272,1,45070
3179,76296,0,45070
3180,76320,0,45070
3181,76344,0,45070
3182,76368,0,45070
3183,76392,0,45070
3184,76416,0,45070
3185,76440,0,45070
3186,76464,0,45070
3187,76488,0,45070
3188,76512,0,45070
3189,76536,0,45070
3190,76560,0,45070
3191,76584,0,45070
3192,76608,0,45070
3193,76632,0,45070
3194,76656,0,45070
3195,76680,0,45070
3196,76704,0,45070
3197,76728,0,45070
3198,76752,0,45070
3199,76776,0,45070
3200,76800,0,45070
3201,76824,0,45070
3202,76848,0,45070
3203,76872,0,45070
3204,76896,0,45070
3205,76920,0,45070
3206,76944,0,45070
3207,76968,0,45070
3208,76992,0,45070
3209,77016,0,45070
3210,77040,0,45070
3211,77064,0,45070
3212,77088,0,45070
3213,77112,0,45070
3214,77136,0,45070
3215,77160,0,45070
3216,77184,0,45070
3217,77208,0,45070
3218,77232,0,45070
3219,77256,0,45070
3220,77280,0,45070
3221,77304,0,45070
3222,77328,0,45070
3223,77352,0,45070
3224,77376,0,45070
3225,77400,0,45070
3226,77424,0,45070
3227,77448,0,45070
3228,77472,0,45070
3229,77496,0,45070
3230,77520,1,45070
3231,77544,0,45070
3232,77568,1,45070
3233,77592,0,45070
3234,77616,1,45070
3235,77640,1,45070
3236,77664,1,45070
3237,77688,1,45070
3238,77712,1,45070
3239,77736,1,45070
3240,77760,1,45070
3241,77784,1,45070
3242,77808,1,45070
3243,77832,1,45070
3244,77856,1,45070
3245,77880,0,45070
3246,77904,0,45070
3247,77928,0,45070
3248,77952,0,45070
3249,77976,0,45070
3250,78000,1,45070
3251,78024,0,45070
3252,78048,1,45070
3253,78072,0,45070
3254,78096,0,45070
3255,78120,0,45070
3256,78144,0,45070
3257,78168,0,45070
3258,78192,0,45070
3259,78216,0,45070
3260,78240,0,45070
3261,78264,0,45070
3262,78288,0,45070
3263,78312,0,45070
3264,78336,1,45070
3265,78360,0,45070
3266,78384,0,45070
3267,78408,0,45070
3268,78432,0,45070
3269,78456,0,45070
3270,78480,0,45070
3271,78504,0,45070
3272,78528,0,45070
3273,78552,0,45070
3274,78576,0,45070
3275,78600,0,45070
3276,78624,0,45070
3277,78648,0,45070
3278,78672,0,45070
3279,78696,1,45070
3280,78720,0,45070
3281,78744,0,45070
3282,78768,0,45070
3283,78792,0,45070
3284,78816,0,45070
3285,78840,0,45070
3286,78864,0,45070
3287,78888,0,45070
3288,78912,0,45070
3289,78936,0,45070
3290,78960,0,45070
3291,78984,0,45070
3292,79008,0,45070
3293,79032,0,45070
3294,79056,0,45070
3295,79080,0,45070
3296,79104,0,45070
3297,79128,0,45070
3298,79152,0,45070
3299,79176,0,45070
3300,79200,0,45070
3301,79224,0,45070
3302,79248,0,45070
3303,79272,0,45070
3304,79296,0,45070
3305,79320,0,45070
3306,79344,0,45070
3307,79368,0,45070
3308,79392,0,45070
3309,79416,0,45070
3310,79440,0,45070
3311,79464,0,45070
3312,79488,0,45070
3313,79512,0,45070
3314,79536,0,45070
3315,79560,0,45070
3316,79584,0,45070
3317,79608,0,45070
3318,79632,0,45070
3319,79656,0,45070
3320,79680,0,45070
3321,79704,0,45070
3322,79728,0,45070
3323,79752,0,45070
3324,79776,0,45070
3325,79800,0,45070
3326,79824,0,45070
3327,79848,0,45070
3328,79872,0,45070
3329,79896,0,45070
3330,79920,0,45070
3331,79944,0,45070
3332,79968,0,45070
3333,79992,0,45070
3334,80016,0,45070
3335,80040,0,45070
3336,80064,0,45070
3337,80088,0,45070
3338,80112,0,45070
3339,80136,0,45070
3340,80160,0,45070
3341,80184,0,45070
3342,80208,0,45070
3343,80232,0,45070
3344,80256,0,45070
3345,80280,0,45070
3346,80304,0,45070
3347,80328,0,45070
3348,80352,0,45070
3349,80376,0,45070
3350,80400,0,45070
3351,80424,0,45070
3352,80448,0,45070
3353,80472,0,45070
3354,80496,0,45070
3355,80520,0,45070
3356,80544,0,45070
3357,80568,0,45070
3358,80592,0,45070
3359,80616,0,45070
3360,80640,0,45070
3361,80664,0,45070
3362,80688,0,45070
3363,80712,0,45070
3364,80736,0,45070
3365,80760,0,45070
3366,80784,0,45070
3367,80808,0,45070
3368,80832,0,45070
3369,80856,0,45070
3370,80880,0,45070
3371,80904,0,45070
3372,80928,0,45070
3373,80952,0,45070
3374,80976,0,45070
3375,81000,0,45070
3376,81024,0,45070
3377,81048,0,45070
3378,81072,0,45070
3379,81096,0,45070
3380,81120,1,45070
3381,81144,1,45070
3382,81168,1,45070
3383,81192,1,45070
3384,81216,0,45070
3385,81240,0,45070
3386,81264,0,45070
3387,81288,0,45070
3388,81312,0,45070
3389,81336,0,45070
3390,81360,1,45070
3391,81384,1,45070
3392,81408,0,45070
3393,81432,0,45070
3394,81456,0,45070
3395,81480,0,45070
3396,81504,0,45070
3397,81528,0,45070
3398,81552,0,45070
3399,81576,0,45070
3400,81600,0,45070
3401,81624,0,45070
3402,81648,0,45070
3403,81672,0,45070
3404,81696,0,45070
3405,81720,0,45070
3406,81744,0,45070
3407,81768,0,45070
3408,81792,0,45070
3409,81816,0,45070
3410,81840,0,45070
3411,81864,0,45070
3412,81888,0,45070
3413,81912,0,45070
3414,81936,0,45070
3415,81960,0,45070
3416,81984,0,45070
3417,82008,0,45070
3418,82032,0,45070
3419,82056,0,45070
3420,82080,0,45070
3421,82104,0,45070
3422,82128,0,45070
3423,82152,0,45070
3424,82176,0,45070
3425,82200,0,45070
3426,82224,0,45070
3427,82248,0,45070
3428,82272,0,45070
3429,82296,0,45070
3430,82320,0,45070
3431,82344,0,45070
3432,82368,0,45070
3433,82392,0,45070
3434,82416,0,45070
3435,82440,0,45070
3436,82464,0,45070
3437,82488,0,45070
3438,82512,1,45070
3439,82536,0,45070
3440,82560,0,45070
3441,82584,0,45070
3442,82608,0,45070
3443,82632,0,45070
3444,82656,0,45070
3445,82680,0,45070
3446,82704,0,45070
3447,82728,0,45070
3448,82752,0,45070
3449,82776,0,45070
3450,82800,0,45070
3451,82824,0,45070
3452,82848,0,45070
3453,82872,0,45070
3454,82896,0,45070
3455,82920,0,45070
3456,82944,0,45070
3457,82968,0,45070
3458,82992,0,45070
3459,83016,0,45070
3460,83040,0,45070
3461,83064,0,45070
3462,83088,0,45070
3463,83112,0,45070
3464,83136,0,45070
3465,83160,0,45070
3466,83184,0,45070
3467,83208,0,45070
3468,83232,0,45070
3469,83256,0,45070
3470,83280,0,45070
3471,83304,0,45070
3472,83328,0,45070
3473,83352,0,45070
3474,83376,0,45070
3475,83400,0,45070
3476,83424,0,45070
3477,83448,0,45070
3478,83472,0,45070
3479,83496,0,45070
3480,83520,0,45070
3481,83544,0,45070
3482,83568,0,45070
3483,83592,0,45070
3484,83616,0,45070
3485,83640,0,45070
3486,83664,0,45070
3487,83688,0,45070
3488,83712,0,45070
3489,83736,0,45070
3490,83760,0,45070
3491,83784,0,45070
3492,83808,0,45070
3493,83832,0,45070
3494,83856,0,45070
3495,83880,0,45070
3496,83904,0,45070
3497,83928,0,45070
3498,83952,0,45070
3499,83976,0,45070
3500,84000,0,45070
3501,84024,0,45070
3502,84048,0,45070
3503,84072,0,45070
3504,84096,0,45070
3505,84120,0,45070
3506,84144,0,45070
3507,84168,0,45070
3508,84192,0,45070
3509,84216,0,45070
3510,84240,0,45070
3511,84264,0,45070
3512,84288,0,45070
3513,84312,0,45070
3514,84336,0,45070
3515,84360,0,45070
3516,84384,0,45070
3517,84408,0,45070
3518,84432,0,45070
3519,84456,0,45070
3520,84480,0,45070
3521,84504,0,45070
3522,84528,0,45070
3523,84552,0,45070
3524,84576,0,45070
3525,84600,0,45070
3526,84624,0,45070
3527,84648,0,45070
3528,84672,0,45070
3529,84696,0,45070
3530,84720,0,45070
3531,84744,0,45070
3532,84768,0,45070
3533,84792,0,45070
3534,84816,0,45070
3535,84840,0,45070
3536,84864,0,45070
3537,84888,0,45070
3538,84912,0,45070
3539,84936,0,45070
3540,84960,0,45070
3541,84984,0,45070
3542,85008,0,45070
3543,85032,0,45070
3544,85056,0,45070
3545,85080,0,45070
3546,85104,0,45070
3547,85128,1,45070
3548,85152,0,45070
3549,85176,0,45070
3550,85200,0,45070
3551,85224,0,45070
3552,85248,0,45070
3553,85272,0,45070
3554,85296,0,45070
3555,85320,0,45070
3556,85344,0,45070
3557,85368,0,45070
3558,85392,0,45070
3559,85416,0,45070
3560,85440,0,45070
3561,85464,0,45070
3562,85488,0,45070
3563,85512,0,45070
3564,85536,0,45070
3565,85560,0,45070
3566,85584,1,45070
3567,85608,0,45070
3568,85632,0,45070
3569,85656,0,45070
3570,85680,0,45070
3571,85704,0,45070
3572,85728,0,45070
3573,85752,0,45070
3574,85776,0,45070
3575,85800,0,45070
3576,85824,0,45070
3577,85848,0,45070
3578,85872,0,45070
3579,85896,0,45070
3580,85920,0,45070
3581,85944,0,45070
3582,85968,0,45070
3583,85992,0,45070
3584,86016,0,45070
3585,86040,0,45070
3586,86064,0,45070
3587,86088,0,45070
3588,86112,0,45070
3589,86136,0,45070
3590,86160,0,45070
3591,86184,0,45070
3592,86208,0,45070
3593,86232,0,45070
3594,86256,0,45070
3595,86280,0,45070
3596,86304,0,45070
3597,86328,0,45070
3598,86352,0,45070
3599,86376,0,45070
3600,86400,0,45070
3601,86424,0,45070
3602,86448,0,45070
3603,86472,0,45070
3604,86496,0,45070
3605,86520,0,45070
3606,86544,0,45070
3607,86568,0,45070
3608,86592,0,45070
3609,86616,0,45070
3610,86640,0,45070
3611,86664,0,45070
3612,86688,0,45070
3613,86712,0,45070
3614,86736,0,45070
3615,86760,0,45070
3616,86784,0,45070
3617,86808,0,45070
3618,86832,0,45070
3619,86856,0,45070
3620,86880,0,45070
3621,86904,0,45070
3622,86928,0,45070
3623,86952,0,45070
3624,86976,0,45070
3625,87000,0,45070
3626,87024,0,45070
3627,87048,0,45070
3628,87072,0,45070
3629,87096,0,45070
3630,87120,0,45070
3631,87144,0,45070
3632,87168,0,45070
3633,87192,0,45070
3634,87216,0,45070
3635,87240,0,45070
3636,87264,0,45070
3637,87288,0,45070
3638,87312,0,45070
3639,87336,0,45070
3640,87360,0,45070
3641,87384,0,45070
3642,87408,0,45070
3643,87432,0,45070
3644,87456,0,45070
3645,87480,0,45070
3646,87504,0,45070
3647,87528,0,45070
3648,87552,0,45070
3649,87576,0,45070
3650,87600,0,45070
3651,87624,0,45070
3652,87648,0,45070
3653,87672,0,45070
3654,87696,0,45070
3655,87720,0,45070
3656,87744,0,45070
3657,87768,0,45070
3658,87792,0,45070
3659,87816,0,45070
3660,87840,0,45070
3661,87864,0,45070
3662,87888,0,45070
3663,87912,0,45070
3664,87936,0,45070
3665,87960,0,45070
3666,87984,0,45070
3667,88008,0,45070
3668,88032,0,45070
3669,88056,0,45070
3670,88080,0,45070
3671,88104,0,45070
3672,88128,0,45070
3673,88152,0,45070
3674,88176,0,45070
3675,88200,0,45070
3676,88224,0,45070
3677,88248,0,45070
3678,88272,0,45070
3679,88296,0,45070
3680,88320,0,45070
3681,88344,0,45070
3682,88368,0,45070
3683,88392,0,45070
3684,88416,0,45070
3685,88440,0,45070
3686,88464,0,45070
3687,88488,0,45070
3688,88512,0,45070
3689,88536,0,45070
3690,88560,0,45070
3691,88584,0,45070
3692,88608,0,45070
3693,88632,0,45070
3694,88656,0,45070
3695,88680,0,45070
3696,88704,0,45070
3697,88728,0,45070
3698,88752,0,45070
3699,88776,0,45070
3700,88800,0,45070
3701,88824,0,45070
3702,88848,0,45070
3703,88872,0,45070
3704,88896,0,45070
3705,88920,0,45070
3706,88944,0,45070
3707,88968,0,45070
3708,88992,0,45070
3709,89016,0,45070
3710,89040,0,45070
3711,89064,0,45070
3712,89088,0,45070
3713,89112,0,45070
3714,89136,0,45070
3715,89160,0,45070
3716,89184,0,45070
3717,89208,0,45070
3718,89232,0,45070
3719,89256,0,45070
3720,89280,0,45070
3721,89304,0,45070
3722,89328,0,45070
3723,89352,0,45070
3724,89376,0,45070
3725,89400,0,45070
3726,89424,0,45070
3727,89448,0,45070
3728,89472,0,45070
3729,89496,0,45070
3730,89520,0,45070
3731,89544,0,45070
3732,89568,0,45070
3733,89592,0,45070
3734,89616,0,45070
3735,89640,0,45070
3736,89664,1,45070
3737,89688,0,45070
3738,89712,0,45070
3739,89736,0,45070
3740,89760,0,45070
3741,89784,0,45070
3742,89808,0,45070
3743,89832,0,45070
3744,89856,0,45070
3745,89880,0,45070
3746,89904,0,45070
3747,89928,0,45070
3748,89952,0,45070
3749,89976,0,45070
3750,90000,0,45070
3751,90024,0,45070
3752,90048,0,45070
3753,90072,0,45070
3754,90096,0,45070
3755,90120,1,45070
3756,90144,1,45070
3757,90168,1,45070
3758,90192,1,45070
3759,90216,0,45070
3760,90240,1,45070
3761,90264,1,45070
3762,90288,0,45070
3763,90312,0,45070
3764,90336,0,45070
3765,90360,0,45070
3766,90384,0,45070
3767,90408,0,45070
3768,90432,0,45070
3769,90456,0,45070
3770,90480,0,45070
3771,90504,0,45070
3772,90528,0,45070
3773,90552,0,45070
3774,90576,0,45070
3775,90600,0,45070
3776,90624,0,45070
3777,90648,0,45070
3778,90672,0,45070
3779,90696,0,45070
3780,90720,0,45070
3781,90744,0,45070
3782,90768,0,45070
3783,90792,0,45070
3784,90816,0,45070
3785,90840,0,45070
3786,90864,0,45070
3787,90888,0,45070
3788,90912,0,45070
3789,90936,0,45070
3790,90960,0,45070
3791,90984,0,45070
3792,91008,0,45070
3793,91032,0,45070
3794,91056,0,45070
3795,91080,0,45070
3796,91104,0,45070
3797,91128,0,45070
3798,91152,0,45070
3799,91176,0,45070
3800,91200,0,45070
3801,91224,0,45070
3802,91248,0,45070
3803,91272,0,45070
3804,91296,0,45070
3805,91320,0,45070
3806,91344,0,45070
3807,91368,0,45070
3808,91392,0,45070
3809,91416,0,45070
3810,91440,0,45070
3811,91464,0,45070
3812,91488,0,45070
3813,91512,0,45070
3814,91536,0,45070
3815,91560,0,45070
3816,91584,1,45070
3817,91608,1,45070
3818,91632,0,45070
3819,91656,0,45070
3820,91680,0,45070
3821,91704,0,45070
3822,91728,0,45070
3823,91752,0,45070
3824,91776,0,45070
3825,91800,0,45070
3826,91824,0,45070
3827,91848,0,45070
3828,91872,0,45070
3829,91896,0,45070
3830,91920,0,45070
3831,91944,0,45070
3832,91968,0,45070
3833,91992,0,45070
3834,92016,0,45070
3835,92040,0,45070
3836,92064,0,45070
3837,92088,0,45070
3838,92112,0,45070
3839,92136,0,45070
3840,92160,0,45070
3841,92184,0,45070
3842,92208,0,45070
3843,92232,0,45070
3844,92256,0,45070
3845,92280,0,45070
3846,92304,0,45070
3847,92328,0,45070
3848,92352,0,45070
3849,92376,0,45070
3850,92400,0,45070
3851,92424,0,45070
3852,92448,0,45070
3853,92472,0,45070
3854,92496,0,45070
3855,92520,0,45070
3856,92544,0,45070
3857,92568,0,45070
3858,92592,0,45070
3859,92616,0,45070
3860,92640,0,45070
3861,92664,0,45070
3862,92688,0,45070
3863,92712,0,45070
3864,92736,0,45070
3865,92760,0,45070
3866,92784,0,45070
3867,92808,0,45070
3868,92832,0,45070
3869,92856,0,45070
3870,92880,0,45070
3871,92904,0,45070
3872,92928,0,45070
3873,92952,0,45070
3874,92976,0,45070
3875,93000,0,45070
3876,93024,0,45070
3877,93048,0,45070
3878,93072,0,45070
3879,93096,0,45070
3880,93120,0,45070
3881,93144,0,45070
3882,93168,0,45070
3883,93192,0,45070
3884,93216,0,45070
3885,93240,0,45070
3886,93264,0,45070
3887,93288,0,45070
3888,93312,0,45070
3889,93336,0,45070
3890,93360,0,45070
3891,93384,0,45070
3892,93408,0,45070
3893,93432,0,45070
3894,93456,0,45070
3895,93480,0,45070
3896,93504,0,45070
3897,93528,0,45070
3898,93552,0,45070
3899,93576,0,45070
3900,93600,1,45070
3901,93624,0,45070
3902,93648,1,45070
3903,93672,0,45070
3904,93696,0,45070
3905,93720,0,45070
3906,93744,0,45070
3907,93768,0,45070
3908,93792,0,45070
3909,93816,0,45070
3910,93840,0,45070
3911,93864,0,45070
3912,93888,0,45070
3913,93912,0,45070
3914,93936,0,45070
3915,93960,0,45070
3916,93984,0,45070
3917,94008,0,45070
3918,94032,0,45070
3919,94056,0,45070
3920,94080,0,45070
3921,94104,0,45070
3922,94128,0,45070
3923,94152,0,45070
3924,94176,0,45070
3925,94200,0,45070
3926,94224,0,45070
3927,94248,0,45070
3928,94272,0,45070
3929,94296,0,45070
3930,94320,0,45070
3931,94344,0,45070
3932,94368,0,45070
3933,94392,0,45070
3934,94416,0,45070
3935,94440,0,45070
3936,94464,0,45070
3937,94488,0,45070
3938,94512,0,45070
3939,94536,0,45070
3940,94560,0,45070
3941,94584,0,45070
3942,94608,0,45070
3943,94632,0,45070
3944,94656,0,45070
3945,94680,0,45070
3946,94704,0,45070
3947,94728,0,45070
3948,94752,0,45070
3949,94776,0,45070
3950,94800,0,45070
3951,94824,0,45070
3952,94848,0,45070
3953,94872,0,45070
3954,94896,0,45070
3955,94920,0,45070
3956,94944,0,45070
3957,94968,0,45070
3958,94992,0,45070
3959,95016,0,45070
3960,95040,0,45070
3961,95064,0,45070
3962,95088,0,45070
3963,95112,0,45070
3964,95136,0,45070
3965,95160,0,45070
3966,95184,0,45070
3967,95208,0,45070
3968,95232,0,45070
3969,95256,0,45070
3970,95280,0,45070
3971,95304,0,45070
3972,95328,0,45070
3973,95352,0,45070
3974,95376,0,45070
3975,95400,0,45070
3976,95424,0,45070
3977,95448,0,45070
3978,95472,0,45070
3979,95496,0,45070
3980,95520,0,45070
3981,95544,0,45070
3982,95568,0,45070
3983,95592,0,45070
3984,95616,0,45070
3985,95640,0,45070
3986,95664,0,45070
3987,95688,0,45070
3988,95712,0,45070
3989,95736,0,45070
3990,95760,0,45070
3991,95784,0,45070
3992,95808,0,45070
3993,95832,0,45070
3994,95856,0,45070
3995,95880,0,45070
3996,95904,0,45070
3997,95928,0,45070
3998,95952,0,45070
3999,95976,0,45070
4000,96000,0,45070
4001,96024,0,45070
4002,96048,0,45070
4003,96072,0,45070
4004,96096,0,45070
4005,96120,0,45070
4006,96144,0,45070
4007,96168,0,45070
4008,96192,1,45070
4009,96216,0,45070
4010,96240,0,45070
4011,96264,0,45070
4012,96288,0,45070
4013,96312,0,45070
4014,96336,0,45070
4015,96360,0,45070
4016,96384,0,45070
4017,96408,0,45070
4018,96432,0,45070
4019,96456,0,45070
4020,96480,0,45070
4021,96504,0,45070
4022,96528,0,45070
4023,96552,0,45070
4024,96576,0,45070
4025,96600,0,45070
4026,96624,0,45070
4027,96648,0,45070
4028,96672,1,45070
4029,96696,0,45070
4030,96720,0,45070
4031,96744,0,45070
4032,96768,0,45070
4033,96792,0,45070
4034,96816,0,45070
4035,96840,1,45070
4036,96864,1,45070
4037,96888,0,45070
4038,96912,1,45070
4039,96936,1,45070
4040,96960,0,45070
4041,96984,0,45070
4042,97008,0,45070
4043,97032,0,45070
4044,97056,1,45070
4045,97080,1,45070
4046,97104,0,45070
4047,97128,1,45070
4048,97152,0,45070
4049,97176,0,45070
4050,97200,0,45070
4051,97224,0,45070
4052,97248,0,45070
4053,97272,0,45070
4054,97296,1,45070
4055,97320,0,45070
4056,97344,0,45070
4057,97368,0,45070
4058,97392,0,45070
4059,97416,0,45070
4060,97440,0,45070
4061,97464,0,45070
4062,97488,0,45070
4063,97512,0,45070
4064,97536,0,45070
4065,97560,0,45070
4066,97584,0,45070
4067,97608,0,45070
4068,97632,0,45070
4069,97656,0,45070
4070,97680,0,45070
4071,97704,0,45070
4072,97728,0,45070
4073,97752,0,45070
4074,97776,0,45070
4075,97800,0,45070
4076,97824,0,45070
4077,97848,0,45070
4078,97872,0,45070
4079,97896,0,45070
4080,97920,0,45070
4081,97944,0,45070
4082,97968,0,45070
4083,97992,0,45070
4084,98016,1,45070
4085,98040,1,45070
4086,98064,1,45070
4087,98088,1,45070
4088,98112,1,45070
4089,98136,1,45070
4090,98160,1,45070
4091,98184,1,45070
4092,98208,1,45070
4093,98232,1,45070
4094,98256,1,45070
4095,98280,0,45070
4096,98304,0,45070
4097,98328,0,45070
4098,98352,0,45070
4099,98376,0,45070
4100,98400,0,45070
4101,98424,0,45070
4102,98448,0,45070
4103,98472,0,45070
4104,98496,0,45070
4105,98520,0,45070
4106,98544,0,45070
4107,98568,0,45070
4108,98592,0,45070
4109,98616,0,45070
4110,98640,0,45070
4111,98664,0,45070
4112,98688,0,45070
4113,98712,0,45070
4114,98736,0,45070
4115,98760,0,45070
4116,98784,0,45070
4117,98808,0,45070
4118,98832,0,45070
4119,98856,0,45070
4120,98880,0,45070
4121,98904,0,45070
4122,98928,0,45070
4123,98952,0,45070
4124,98976,0,45070
4125,99000,0,45070
4126,99024,0,45070
4127,99048,0,45070
4128,99072,0,45070
4129,99096,0,45070
4130,99120,0,45070
4131,99144,0,45070
4132,99168,0,45070
4133,99192,0,45070
4134,99216,0,45070
4135,99240,0,45070
4136,99264,0,45070
4137,99288,0,45070
4138,99312,0,45070
4139,99336,0,45070
4140,99360,0,45070
4141,99384,0,45070
4142,99408,0,45070
4143,99432,0,45070
4144,99456,0,45070
4145,99480,0,45070
4146,99504,0,45070
4147,99528,0,45070
4148,99552,0,45070
4149,99576,0,45070
4150,99600,0,45070
4151,99624,0,45070
4152,99648,0,45070
4153,99672,0,45070
4154,99696,0,45070
4155,99720,0,45070
4156,99744,0,45070
4157,99768,0,45070
4158,99792,0,45070
4159,99816,0,45070
4160,99840,0,45070
4161,99864,0,45070
4162,99888,0,45070
4163,99912,0,45070
4164,99936,0,45070
4165,99960,0,45070
4166,99984,1,45070
4167,100008,1,45070
4168,100032,1,45070
4169,100056,1,45070
4170,100080,0,45070
4171,100104,0,45070
4172,100128,0,45070
4173,100152,0,45070
4174,100176,0,45070
4175,100200,0,45070
4176,100224,0,45070
4177,100248,0,45070
4178,100272,0,45070
4179,100296,0,45070
4180,100320,0,45070
4181,100344,0,45070
4182,100368,0,45070
4183,100392,0,45070
4184,100416,0,45070
4185,100440,0,45070
4186,100464,0,45070
4187,100488,0,45070
4188,100512,0,45070
4189,100536,0,45070
4190,100560,0,45070
4191,100584,0,45070
4192,100608,0,45070
4193,100632,0,45070
4194,100656,0,45070
4195,100680,0,45070
4196,100704,0,45070
4197,100728,0,45070
4198,100752,0,45070
4199,100776,0,45070
4200,100800,0,45070
4201,100824,0,45070
4202,100848,0,45070
4203,100872,0,45070
4204,100896,0,45070
4205,100920,0,45070
4206,100944,0,45070
4207,100968,0,45070
4208,100992,0,45070
4209,101016,0,45070
4210,101040,0,45070
4211,101064,1,45070
4212,101088,1,45070
4213,101112,1,45070
4214,101136,1,45070
4215,101160,1,45070
4216,101184,1,45070
4217,101208,1,45070
4218,101232,1,45070
4219,101256,1,45070
4220,101280,1,45070
4221,101304,1,45070
4222,101328,1,45070
4223,101352,0,45070
4224,101376,1,45070
4225,101400,1,45070
4226,101424,1,45070
4227,101448,1,45070
4228,101472,1,45070
4229,101496,1,45070
4230,101520,0,45070
4231,101544,0,45070
4232,101568,0,45070
4233,101592,0,45070
4234,101616,0,45070
4235,101640,0,45070
4236,101664,0,45070
4237,101688,0,45070
4238,101712,0,45070
4239,101736,0,45070
4240,101760,0,45070
4241,101784,0,45070
4242,101808,0,45070
4243,101832,0,45070
4244,101856,0,45070
4245,101880,0,45070
4246,101904,0,45070
4247,101928,0,45070
4248,101952,0,45070
4249,101976,0,45070
4250,102000,1,45070
4251,102024,0,45070
4252,102048,1,45070
4253,102072,1,45070
4254,102096,0,45070
4255,102120,0,45070
4256,102144,0,45070
4257,102168,0,45070
4258,102192,1,45070
4259,102216,0,45070
4260,102240,1,45070
4261,102264,0,45070
4262,102288,0,45070
4263,102312,0,45070
4264,102336,0,45070
4265,102360,0,45070
4266,102384,0,45070
4267,102408,0,45070
4268,102432,0,45070
4269,102456,0,45070
4270,102480,0,45070
4271,102504,1,45070
4272,102528,1,45070
4273,102552,1,45070
4274,102576,0,45070
4275,102600,1,45070
4276,102624,1,45070
4277,102648,1,45070
4278,102672,1,45070
4279,102696,0,45070
4280,102720,0,45070
4281,102744,0,45070
4282,102768,0,45070
4283,102792,0,45070
4284,102816,0,45070
4285,102840,0,45070
4286,102864,0,45070
4287,102888,0,45070
4288,102912,0,45070
4289,102936,0,45070
4290,102960,0,45070
4291,102984,0,45070
4292,103008,0,45070
4293,103032,0,45070
4294,103056,0,45070
4295,103080,0,45070
4296,103104,0,45070
4297,103128,0,45070
4298,103152,0,45070
4299,103176,0,45070
4300,103200,0,45070
4301,103224,0,45070
4302,103248,0,45070
4303,103272,0,45070
4304,103296,0,45070
4305,103320,0,45070
4306,103344,0,45070
4307,103368,0,45070
4308,103392,0,45070
4309,103416,0,45070
4310,103440,0,45070
4311,103464,0,45070
4312,103488,0,45070
4313,103512,0,45070
4314,103536,0,45070
4315,103560,0,45070
4316,103584,0,45070
4317,103608,0,45070
4318,103632,0,45070
4319,103656,0,45070
4320,103680,0,45070
4321,103704,0,45070
4322,103728,0,45070
4323,103752,0,45070
4324,103776,0,45070
4325,103800,0,45070
4326,103824,0,45070
4327,103848,0,45070
4328,103872,0,45070
4329,103896,0,45070
4330,103920,0,45070
4331,103944,0,45070
4332,103968,0,45070
4333,103992,0,45070
4334,104016,0,45070
4335,104040,0,45070
4336,104064,0,45070
4337,104088,0,45070
4338,104112,0,45070
4339,104136,0,45070
4340,104160,0,45070
4341,104184,0,45070
4342,104208,0,45070
4343,104232,0,45070
4344,104256,0,45070
4345,104280,0,45070
4346,104304,0,45070
4347,104328,0,45070
4348,104352,0,45070
4349,104376,0,45070
4350,104400,0,45070
4351,104424,0,45070
4352,104448,0,45070
4353,104472,0,45070
4354,104496,0,45070
4355,104520,0,45070
4356,104544,0,45070
4357,104568,0,45070
4358,104592,0,45070
4359,104616,0,45070
4360,104640,0,45070
4361,104664,0,45070
4362,104688,0,45070
4363,104712,0,45070
4364,104736,0,45070
4365,104760,0,45070
4366,104784,0,45070
4367,104808,0,45070
4368,104832,0,45070
4369,104856,0,45070
4370,104880,0,45070
4371,104904,0,45070
4372,104928,0,45070
4373,104952,0,45070
4374,104976,0,45070
4375,105000,0,45070
4376,105024,0,45070
4377,105048,0,45070
4378,105072,0,45070
4379,105096,0,45070
4380,105120,0,45070
4381,105144,0,45070
4382,105168,0,45070
4383,105192,0,45070
4384,105216,0,45070
4385,105240,0,45070
4386,105264,0,45070
4387,105288,0,45070
4388,105312,0,45070
4389,105336,0,45070
4390,105360,1,45070
4391,105384,1,45070
4392,105408,1,45070
4393,105432,1,45070
4394,105456,1,45070
4395,105480,1,45070
4396,105504,1,45070
4397,105528,1,45070
4398,105552,1,45070
4399,105576,1,45070
4400,105600,1,45070
4401,105624,1,45070
4402,105648,1,45070
4403,105672,1,45070
4404,105696,1,45070
4405,105720,1,45070
4406,105744,0,45070
4407,105768,1,45070
4408,105792,1,45070
4409,105816,0,45070
4410,105840,0,45070
4411,105864,0,45070
4412,105888,0,45070
4413,105912,0,45070
4414,105936,0,45070
4415,105960,0,45070
4416,105984,0,45070
4417,106008,0,45070
4418,106032,0,45070
4419,106056,0,45070
4420,106080,0,45070
4421,106104,0,45070
4422,106128,0,45070
4423,106152,0,45070
4424,106176,0,45070
4425,106200,0,45070
4426,106224,0,45070
4427,106248,0,45070
4428,106272,0,45070
4429,106296,0,45070
4430,106320,0,45070
4431,106344,0,45070
4432,106368,0,45070
4433,106392,0,45070
4434,106416,0,45070
4435,106440,0,45070
4436,106464,0,45070
4437,106488,0,45070
4438,106512,0,45070
4439,106536,0,45070
4440,106560,0,45070
4441,106584,0,45070
4442,106608,0,45070
4443,106632,1,45070
4444,106656,0,45070
4445,106680,1,45070
4446,106704,0,45070
4447,106728,0,45070
4448,106752,0,45070
4449,106776,0,45070
4450,106800,0,45070
4451,106824,0,45070
4452,106848,1,45070
4453,106872,1,45070
4454,106896,1,45070
4455,106920,1,45070
4456,106944,1,45070
4457,106968,0,45070
4458,106992,0,45070
4459,107016,0,45070
4460,107040,0,45070
4461,107064,0,45070
4462,107088,0,45070
4463,107112,0,45070
4464,107136,0,45070
4465,107160,0,45070
4466,107184,0,45070
4467,107208,0,45070
4468,107232,0,45070
4469,107256,0,45070
4470,107280,0,45070
4471,107304,0,45070
4472,107328,0,45070
4473,107352,0,45070
4474,107376,0,45070
4475,107400,0,45070
4476,107424,0,45070
4477,107448,0,45070
4478,107472,0,45070
4479,107496,0,45070
4480,107520,0,45070
4481,107544,0,45070
4482,107568,0,45070
4483,107592,0,45070
4484,107616,0,45070
4485,107640,0,45070
4486,107664,0,45070
4487,107688,0,45070
4488,107712,0,45070
4489,107736,0,45070
4490,107760,0,45070
4491,107784,0,45070
4492,107808,0,45070
4493,107832,0,45070
4494,107856,0,45070
4495,107880,0,45070
4496,107904,0,45070
4497,107928,0,45070
4498,107952,0,45070
4499,107976,0,45070
4500,108000,0,45070
4501,108024,0,45070
4502,108048,0,45070
4503,108072,0,45070
4504,108096,0,45070
4505,108120,0,45070
4506,108144,0,45070
4507,108168,0,45070
4508,108192,0,45070
4509,108216,0,45070
4510,108240,0,45070
4511,108264,0,45070
4512,108288,0,45070
4513,108312,0,45070
4514,108336,0,45070
4515,108360,0,45070
4516,108384,0,45070
4517,108408,0,45070
4518,108432,0,45070
4519,108456,0,45070
4520,108480,0,45070
4521,108504,0,45070
4522,108528,0,45070
4523,108552,0,45070
4524,108576,0,45070
4525,108600,0,45070
4526,108624,0,45070
4527,108648,0,45070
4528,108672,0,45070
4529,108696,0,45070
4530,108720,0,45070
4531,108744,0,45070
4532,108768,0,45070
4533,108792,0,45070
4534,108816,0,45070
4535,108840,0,45070
4536,108864,0,45070
4537,108888,0,45070
4538,108912,0,45070
4539,108936,0,45070
4540,108960,0,45070
4541,108984,0,45070
4542,109008,0,45070
4543,109032,0,45070
4544,109056,0,45070
4545,109080,0,45070
4546,109104,0,45070
4547,109128,0,45070
4548,109152,0,45070
4549,109176,0,45070
4550,109200,0,45070
4551,109224,0,45070
4552,109248,0,45070
4553,109272,0,45070
4554,109296,0,45070
4555,109320,0,45070
4556,109344,0,45070
4557,109368,0,45070
4558,109392,0,45070
4559,109416,0,45070
4560,109440,0,45070
4561,109464,0,45070
4562,109488,0,45070
4563,109512,0,45070
4564,109536,0,45070
4565,109560,0,45070
4566,109584,0,45070
4567,109608,0,45070
4568,109632,0,45070
4569,109656,0,45070
4570,109680,0,45070
4571,109704,0,45070
4572,109728,0,45070
4573,109752,0,45070
4574,109776,0,45070
4575,109800,0,45070
4576,109824,0,45070
4577,109848,0,45070
4578,109872,0,45070
4579,109896,0,45070
4580,109920,0,45070
4581,109944,0,45070
4582,109968,0,45070
4583,109992,0,45070
4584,110016,0,45070
4585,110040,0,45070
4586,110064,0,45070
4587,110088,0,45070
4588,110112,0,45070
4589,110136,0,45070
4590,110160,0,45070
4591,110184,0,45070
4592,110208,0,45070
4593,110232,0,45070
4594,110256,0,45070
4595,110280,0,45070
4596,110304,0,45070
4597,110328,0,45070
4598,110352,0,45070
4599,110376,0,45070
4600,110400,0,45070
4601,110424,0,45070
4602,110448,0,45070
4603,110472,0,45070
4604,110496,0,45070
4605,110520,0,45070
4606,110544,0,45070
4607,110568,0,45070
4608,110592,0,45070
4609,110616,0,45070
4610,110640,0,45070
4611,110664,0,45070
4612,110688,0,45070
4613,110712,0,45070
4614,110736,0,45070
4615,110760,0,45070
4616,110784,0,45070
4617,110808,0,45070
4618,110832,0,45070
4619,110856,0,45070
4620,110880,0,45070
4621,110904,0,45070
4622,110928,0,45070
4623,110952,0,45070
4624,110976,0,45070
4625,111000,0,45070
4626,111024,0,45070
4627,111048,0,45070
4628,111072,0,45070
4629,111096,0,45070
4630,111120,0,45070
4631,111144,0,45070
4632,111168,0,45070
4633,111192,0,45070
4634,111216,0,45070
4635,111240,0,45070
4636,111264,0,45070
4637,111288,0,45070
4638,111312,0,45070
4639,111336,0,45070
4640,111360,0,45070
4641,111384,0,45070
4642,111408,0,45070
4643,111432,0,45070
4644,111456,0,45070
4645,111480,0,45070
4646,111504,0,45070
4647,111528,0,45070
4648,111552,0,45070
4649,111576,0,45070
4650,111600,0,45070
4651,111624,0,45070
4652,111648,0,45070
4653,111672,0,45070
4654,111696,0,45070
4655,111720,0,45070
4656,111744,0,45070
4657,111768,0,45070
4658,111792,0,45070
4659,111816,0,45070
4660,111840,0,45070
4661,111864,0,45070
4662,111888,0,45070
4663,111912,0,45070
4664,111936,0,45070
4665,111960,0,45070
4666,111984,0,45070
4667,112008,0,45070
4668,112032,0,45070
4669,112056,0,45070
4670,112080,0,45070
4671,112104,0,45070
4672,112128,0,45070
4673,112152,0,45070
4674,112176,0,45070
4675,112200,0,45070
4676,112224,0,45070
4677,112248,0,45070
4678,112272,0,45070
4679,112296,0,45070
4680,112320,0,45070
4681,112344,0,45070
4682,112368,0,45070
4683,112392,0,45070
4684,112416,0,45070
4685,112440,0,45070
4686,112464,0,45070
4687,112488,0,45070
4688,112512,0,45070
4689,112536,0,45070
4690,112560,0,45070
4691,112584,0,45070
4692,112608,0,45070
4693,112632,0,45070
4694,112656,0,45070
4695,112680,0,45070
4696,112704,0,45070
4697,112728,0,45070
4698,112752,0,45070
4699,112776,0,45070
4700,112800,0,45070
4701,112824,0,45070
4702,112848,0,45070
4703,112872,0,45070
4704,112896,0,45070
4705,112920,0,45070
4706,112944,0,45070
4707,112968,0,45070
4708,112992,0,45070
4709,113016,0,45070
4710,113040,0,45070
4711,113064,0,45070
4712,113088,0,45070
4713,113112,0,45070
4714,113136,0,45070
4715,113160,0,45070
4716,113184,0,45070
4717,113208,0,45070
4718,113232,0,45070
4719,113256,0,45070
4720,113280,0,45070
4721,113304,0,45070
4722,113328,0,45070
4723,113352,0,45070
4724,113376,0,45070
4725,113400,0,45070
4726,113424,0,45070
4727,113448,0,45070
4728,113472,0,45070
4729,113496,0,45070
4730,113520,0,45070
4731,113544,0,45070
4732,113568,0,45070
4733,113592,0,45070
4734,113616,0,45070
4735,113640,0,45070
4736,113664,0,45070
4737,113688,0,45070
4738,113712,0,45070
4739,113736,0,45070
4740,113760,0,45070
4741,113784,0,45070
4742,113808,0,45070
4743,113832,0,45070
4744,113856,0,45070
4745,113880,0,45070
4746,113904,0,45070
4747,113928,0,45070
4748,113952,0,45070
4749,113976,0,45070
4750,114000,0,45070
4751,114024,0,45070
4752,114048,0,45070
4753,114072,0,45070
4754,114096,0,45070
4755,114120,0,45070
4756,114144,0,45070
4757,114168,0,45070
4758,114192,0,45070
4759,114216,0,45070
4760,114240,0,45070
4761,114264,0,45070
4762,114288,0,45070
4763,114312,0,45070
4764,114336,0,45070
4765,114360,0,45070
4766,114384,0,45070
4767,114408,0,45070
4768,114432,0,45070
4769,114456,0,45070
4770,114480,0,45070
4771,114504,0,45070
4772,114528,0,45070
4773,114552,0,45070
4774,114576,0,45070
4775,114600,0,45070
4776,114624,1,45070
4777,114648,0,45070
4778,114672,0,45070
4779,114696,0,45070
4780,114720,0,45070
4781,114744,0,45070
4782,114768,0,45070
4783,114792,0,45070
4784,114816,0,45070
4785,114840,0,45070
4786,114864,0,45070
4787,114888,1,45070
4788,114912,0,45070
4789,114936,0,45070
4790,114960,0,45070
4791,114984,0,45070
4792,115008,0,45070
4793,115032,0,45070
4794,115056,0,45070
4795,115080,0,45070
4796,115104,0,45070
4797,115128,0,45070
4798,115152,0,45070
4799,115176,0,45070
4800,115200,0,45070
4801,115224,0,45070
4802,115248,0,45070
4803,115272,1,45070
4804,115296,0,45070
4805,115320,0,45070
4806,115344,0,45070
4807,115368,0,45070
4808,115392,0,45070
4809,115416,0,45070
4810,115440,0,45070
4811,115464,0,45070
4812,115488,0,45070
4813,115512,0,45070
4814,115536,1,45070
4815,115560,0,45070
4816,115584,0,45070
4817,115608,0,45070
4818,115632,0,45070
4819,115656,0,45070
4820,115680,0,45070
4821,115704,0,45070
4822,115728,0,45070
4823,115752,0,45070
4824,115776,0,45070
4825,115800,0,45070
4826,115824,0,45070
4827,115848,0,45070
4828,115872,0,45070
4829,115896,0,45070
4830,115920,0,45070
4831,115944,0,45070
4832,115968,0,45070
4833,115992,0,45070
4834,116016,0,45070
4835,116040,0,45070
4836,116064,0,45070
4837,116088,0,45070
4838,116112,0,45070
4839,116136,0,45070
4840,116160,0,45070
4841,116184,0,45070
4842,116208,0,45070
4843,116232,0,45070
4844,116256,0,45070
4845,116280,0,45070
4846,116304,0,45070
4847,116328,0,45070
4848,116352,0,45070
4849,116376,0,45070
4850,116400,0,45070
4851,116424,0,45070
4852,116448,0,45070
4853,116472,0,45070
4854,116496,0,45070
4855,116520,0,45070
4856,116544,0,45070
4857,116568,0,45070
4858,116592,0,45070
4859,116616,0,45070
4860,116640,0,45070
4861,116664,0,45070
4862,116688,0,45070
4863,116712,0,45070
4864,116736,0,45070
4865,116760,0,45070
4866,116784,0,45070
4867,116808,0,45070
4868,116832,0,45070
4869,116856,0,45070
4870,116880,0,45070
4871,116904,0,45070
4872,116928,0,45070
4873,116952,0,45070
4874,116976,0,45070
4875,117000,0,45070
4876,117024,1,45070
4877,117048,0,45070
4878,117072,0,45070
4879,117096,0,45070
4880,117120,0,45070
4881,117144,0,45070
4882,117168,0,45070
4883,117192,0,45070
4884,117216,0,45070
4885,117240,0,45070
4886,117264,0,45070
4887,117288,0,45070
4888,117312,0,45070
4889,117336,0,45070
4890,117360,0,45070
4891,117384,0,45070
4892,117408,0,45070
4893,117432,0,45070
4894,117456,0,45070
4895,117480,0,45070
4896,117504,0,45070
4897,117528,0,45070
4898,117552,0,45070
4899,117576,0,45070
4900,117600,0,45070
4901,117624,0,45070
4902,117648,0,45070
4903,117672,0,45070
4904,117696,0,45070
4905,117720,0,45070
4906,117744,0,45070
4907,117768,0,45070
4908,117792,0,45070
4909,117816,0,45070
4910,117840,0,45070
4911,117864,0,45070
4912,117888,0,45070
4913,117912,0,45070
4914,117936,0,45070
4915,117960,0,45070
4916,117984,0,45070
4917,118008,0,45070
4918,118032,0,45070
4919,118056,0,45070
4920,118080,0,45070
4921,118104,0,45070
4922,118128,0,45070
4923,118152,0,45070
4924,118176,0,45070
4925,118200,0,45070
4926,118224,0,45070
4927,118248,0,45070
4928,118272,0,45070
4929,118296,0,45070
4930,118320,0,45070
4931,118344,0,45070
4932,118368,0,45070
4933,118392,0,45070
4934,118416,0,45070
4935,118440,0,45070
4936,118464,0,45070
4937,118488,0,45070
4938,118512,0,45070
4939,118536,0,45070
4940,118560,0,45070
4941,118584,0,45070
4942,118608,0,45070
4943,118632,0,45070
4944,118656,0,45070
4945,118680,0,45070
4946,118704,0,45070
4947,118728,0,45070
4948,118752,0,45070
4949,118776,1,45070
4950,118800,0,45070
4951,118824,0,45070
4952,118848,0,45070
4953,118872,0,45070
4954,118896,0,45070
4955,118920,0,45070
4956,118944,0,45070
4957,118968,0,45070
4958,118992,0,45070
4959,119016,0,45070
4960,119040,0,45070
4961,119064,0,45070
4962,119088,0,45070
4963,119112,0,45070
4964,119136,0,45070
4965,119160,0,45070
4966,119184,0,45070
4967,119208,0,45070
4968,119232,0,45070
4969,119256,0,45070
4970,119280,0,45070
4971,119304,0,45070
4972,119328,0,45070
4973,119352,0,45070
4974,119376,0,45070
4975,119400,0,45070
4976,119424,0,45070
4977,119448,0,45070
4978,119472,0,45070
4979,119496,0,45070
4980,119520,0,45070
4981,119544,0,45070
4982,119568,0,45070
4983,119592,0,45070
4984,119616,0,45070
4985,119640,0,45070
4986,119664,0,45070
4987,119688,0,45070
4988,119712,0,45070
4989,119736,0,45070
4990,119760,0,45070
4991,119784,0,45070
4992,119808,0,45070
4993,119832,0,45070
4994,119856,0,45070
4995,119880,0,45070
4996,119904,0,45070
4997,119928,0,45070
4998,119952,0,45070
4999,119976,0,45070
5000,120000,0,45070
5001,120024,0,45070
5002,120048,0,45070
5003,120072,0,45070
5004,120096,0,45070
5005,120120,0,45070
5006,120144,0,45070
5007,120168,0,45070
5008,120192,0,45070
5009,120216,0,45070
5010,120240,0,45070
5011,120264,0,45070
5012,120288,0,45070
5013,120312,0,45070
5014,120336,0,45070
5015,120360,0,45070
5016,120384,0,45070
5017,120408,0,45070
5018,120432,0,45070
5019,120456,0,45070
5020,120480,0,45070
5021,120504,0,45070
5022,120528,0,45070
5023,120552,0,45070
5024,120576,0,45070
5025,120600,0,45070
5026,120624,0,45070
5027,120648,0,45070
5028,120672,0,45070
5029,120696,0,45070
5030,120720,0,45070
5031,120744,0,45070
5032,120768,0,45070
5033,120792,0,45070
5034,120816,0,45070
5035,120840,0,45070
5036,120864,0,45070
5037,120888,0,45070
5038,120912,0,45070
5039,120936,0,45070
5040,120960,0,45070
5041,120984,0,45070
5042,121008,0,45070
5043,121032,0,45070
5044,121056,0,45070
5045,121080,0,45070
5046,121104,0,45070
5047,121128,0,45070
5048,121152,0,45070
5049,121176,0,45070
5050,121200,0,45070
5051,121224,0,45070
5052,121248,0,45070
5053,121272,1,45070
5054,121296,1,45070
5055,121320,1,45070
5056,121344,0,45070
5057,121368,1,45070
5058,121392,1,45070
5059,121416,0,45070
5060,121440,0,45070
5061,121464,0,45070
5062,121488,0,45070
5063,121512,0,45070
5064,121536,0,45070
5065,121560,0,45070
5066,121584,0,45070
5067,121608,0,45070
5068,121632,0,45070
5069,121656,0,45070
5070,121680,0,45070
5071,121704,0,45070
5072,121728,0,45070
5073,121752,0,45070
5074,121776,0,45070
5075,121800,0,45070
5076,121824,0,45070
5077,121848,0,45070
5078,121872,0,45070
5079,121896,1,45070
5080,121920,1,45070
5081,121944,0,45070
5082,121968,0,45070
5083,121992,0,45070
5084,122016,0,45070
5085,122040,0,45070
5086,122064,0,45070
5087,122088,0,45070
5088,122112,0,45070
5089,122136,0,45070
5090,122160,0,45070
5091,122184,0,45070
5092,122208,0,45070
5093,122232,0,45070
5094,122256,0,45070
5095,122280,0,45070
5096,122304,0,45070
5097,122328,0,45070
5098,122352,0,45070
5099,122376,0,45070
5100,122400,0,45070
5101,122424,0,45070
5102,122448,0,45070
5103,122472,0,45070
5104,122496,0,45070
5105,122520,0,45070
5106,122544,0,45070
5107,122568,0,45070
5108,122592,0,45070
5109,122616,0,45070
5110,122640,0,45070
5111,122664,0,45070
5112,122688,1,45070
5113,122712,1,45070
5114,122736,1,45070
5115,122760,0,45070
5116,122784,0,45070
5117,122808,0,45070
5118,122832,0,45070
5119,122856,0,45070
5120,122880,0,45070
5121,122904,0,45070
5122,122928,0,45070
5123,122952,0,45070
5124,122976,0,45070
5125,123000,0,45070
5126,123024,0,45070
5127,123048,0,45070
5128,123072,0,45070
5129,123096,0,45070
5130,123120,0,45070
5131,123144,0,45070
5132,123168,0,45070
5133,123192,0,45070
5134,123216,0,45070
5135,123240,0,45070
5136,123264,0,45070
5137,123288,0,45070
5138,123312,0,45070
5139,123336,0,45070
5140,123360,0,45070
5141,123384,0,45070
5142,123408,0,45070
5143,123432,0,45070
5144,123456,0,45070
5145,123480,0,45070
5146,123504,0,45070
5147,123528,0,45070
5148,123552,0,45070
5149,123576,0,45070
5150,123600,0,45070
5151,123624,0,45070
5152,123648,0,45070
5153,123672,0,45070
5154,123696,0,45070
5155,123720,0,45070
5156,123744,0,45070
5157,123768,0,45070
5158,123792,0,45070
5159,123816,0,45070
5160,123840,0,45070
5161,123864,0,45070
5162,123888,0,45070
5163,123912,0,45070
5164,123936,0,45070
5165,123960,0,45070
5166,123984,0,45070
5167,124008,0,45070
5168,124032,0,45070
5169,124056,0,45070
5170,124080,0,45070
5171,124104,0,45070
5172,124128,0,45070
5173,124152,0,45070
5174,124176,0,45070
5175,124200,0,45070
5176,124224,0,45070
5177,124248,0,45070
5178,124272,0,45070
5179,124296,0,45070
5180,124320,0,45070
5181,124344,0,45070
5182,124368,0,45070
5183,124392,0,45070
5184,124416,0,45070
5185,124440,0,45070
5186,124464,0,45070
5187,124488,0,45070
5188,124512,0,45070
5189,124536,0,45070
5190,124560,0,45070
5191,124584,0,45070
5192,124608,0,45070
5193,124632,0,45070
5194,124656,0,45070
5195,124680,0,45070
5196,124704,0,45070
5197,124728,0,45070
5198,124752,0,45070
5199,124776,0,45070
5200,124800,0,45070
5201,124824,0,45070
5202,124848,0,45070
5203,124872,0,45070
5204,124896,0,45070
5205,124920,0,45070
5206,124944,0,45070
5207,124968,0,45070
5208,124992,0,45070
5209,125016,0,45070
5210,125040,0,45070
5211,125064,0,45070
5212,125088,0,45070
5213,125112,0,45070
5214,125136,0,45070
5215,125160,0,45070
5216,125184,0,45070
5217,125208,0,45070
5218,125232,0,45070
5219,125256,0,45070
5220,125280,0,45070
5221,125304,0,45070
5222,125328,0,45070
5223,125352,0,45070
5224,125376,0,45070
5225,125400,0,45070
5226,125424,0,45070
5227,125448,0,45070
5228,125472,1,45070
5229,125496,0,45070
5230,125520,0,45070
5231,125544,0,45070
5232,125568,0,45070
5233,125592,0,45070
5234,125616,0,45070
5235,125640,0,45070
5236,125664,0,45070
5237,125688,0,45070
5238,125712,0,45070
5239,125736,0,45070
5240,125760,0,45070
5241,125784,0,45070
5242,125808,0,45070
5243,125832,0,45070
5244,125856,0,45070
5245,125880,0,45070
5246,125904,0,45070
5247,125928,0,45070
5248,125952,0,45070
5249,125976,0,45070
5250,126000,0,45070
5251,126024,0,45070
5252,126048,0,45070
5253,126072,0,45070
5254,126096,0,45070
5255,126120,0,45070
5256,126144,0,45070
5257,126168,0,45070
5258,126192,0,45070
5259,126216,0,45070
5260,126240,0,45070
5261,126264,0,45070
5262,126288,0,45070
5263,126312,0,45070
5264,126336,0,45070
5265,126360,0,45070
5266,126384,0,45070
5267,126408,0,45070
5268,126432,0,45070
5269,126456,0,45070
5270,126480,0,45070
5271,126504,0,45070
5272,126528,0,45070
5273,126552,1,45070
5274,126576,0,45070
5275,126600,1,45070
5276,126624,1,45070
5277,126648,0,45070
5278,126672,0,45070
5279,126696,0,45070
5280,126720,0,45070
5281,126744,0,45070
5282,126768,0,45070
5283,126792,0,45070
5284,126816,1,45070
5285,126840,0,45070
5286,126864,0,45070
5287,126888,0,45070
5288,126912,0,45070
5289,126936,0,45070
5290,126960,0,45070
5291,126984,0,45070
5292,127008,0,45070
5293,127032,0,45070
5294,127056,0,45070
5295,127080,0,45070
5296,127104,0,45070
5297,127128,0,45070
5298,127152,0,45070
5299,127176,0,45070
5300,127200,0,45070
5301,127224,0,45070
5302,127248,0,45070
5303,127272,0,45070
5304,127296,0,45070
5305,127320,0,45070
5306,127344,0,45070
5307,127368,0,45070
5308,127392,0,45070
5309,127416,0,45070
5310,127440,0,45070
5311,127464,0,45070
5312,127488,0,45070
5313,127512,1,45070
5314,127536,0,45070
5315,127560,0,45070
5316,127584,0,45070
5317,127608,0,45070
5318,127632,0,45070
5319,127656,0,45070
5320,127680,0,45070
5321,127704,1,45070
5322,127728,0,45070
5323,127752,1,45070
5324,127776,1,45070
5325,127800,1,45070
5326,127824,0,45070
5327,127848,0,45070
5328,127872,0,45070
5329,127896,0,45070
5330,127920,0,45070
5331,127944,0,45070
5332,127968,0,45070
5333,127992,0,45070
5334,128016,0,45070
5335,128040,0,45070
5336,128064,0,45070
5337,128088,1,45070
5338,128112,0,45070
5339,128136,0,45070
5340,128160,0,45070
5341,128184,0,45070
5342,128208,0,45070
5343,128232,0,45070
5344,128256,0,45070
5345,128280,0,45070
5346,128304,0,45070
5347,128328,0,45070
5348,128352,0,45070
5349,128376,0,45070
5350,128400,0,45070
5351,128424,0,45070
5352,128448,0,45070
5353,128472,0,45070
5354,128496,0,45070
5355,128520,0,45070
5356,128544,0,45070
5357,128568,0,45070
5358,128592,0,45070
5359,128616,0,45070
5360,128640,0,45070
5361,128664,0,45070
5362,128688,0,45070
5363,128712,0,45070
5364,128736,0,45070
5365,128760,0,45070
5366,128784,1,45070
5367,128808,0,45070
5368,128832,0,45070
5369,128856,0,45070
5370,128880,0,45070
5371,128904,0,45070
5372,128928,0,45070
5373,128952,0,45070
5374,128976,0,45070
5375,129000,0,45070
5376,129024,0,45070
5377,129048,1,45070
5378,129072,1,45070
5379,129096,0,45070
5380,129120,0,45070
5381,129144,0,45070
5382,129168,0,45070
5383,129192,0,45070
5384,129216,0,45070
5385,129240,0,45070
5386,129264,0,45070
5387,129288,0,45070
5388,129312,0,45070
5389,129336,0,45070
5390,129360,0,45070
5391,129384,0,45070
5392,129408,0,45070
5393,129432,0,45070
5394,129456,0,45070
5395,129480,0,45070
5396,129504,0,45070
5397,129528,0,45070
5398,129552,0,45070
5399,129576,0,45070
5400,129600,0,45070
5401,129624,0,45070
5402,129648,0,45070
5403,129672,0,45070
5404,129696,0,45070
5405,129720,0,45070
5406,129744,0,45070
5407,129768,0,45070
5408,129792,0,45070
5409,129816,0,45070
5410,129840,0,45070
5411,129864,0,45070
5412,129888,0,45070
5413,129912,0,45070
5414,129936,0,45070
5415,129960,0,45070
5416,129984,0,45070
5417,130008,0,45070
5418,130032,0,45070
5419,130056,0,45070
5420,130080,0,45070
5421,130104,0,45070
5422,130128,1,45070
5423,130152,0,45070
5424,130176,0,45070
5425,130200,1,45070
5426,130224,0,45070
5427,130248,1,45070
5428,130272,0,45070
5429,130296,1,45070
5430,130320,1,45070
5431,130344,1,45070
5432,130368,1,45070
5433,130392,1,45070
5434,130416,1,45070
5435,130440,1,45070
5436,130464,1,45070
5437,130488,1,45070
5438,130512,0,45070
5439,130536,1,45070
5440,130560,0,45070
5441,130584,1,45070
5442,130608,1,45070
5443,130632,1,45070
5444,130656,1,45070
5445,130680,1,45070
5446,130704,1,45070
5447,130728,1,45070
5448,130752,0,45070
5449,130776,1,45070
5450,130800,1,45070
5451,130824,1,45070
5452,130848,1,45070
5453,130872,1,45070
5454,130896,0,45070
5455,130920,0,45070
5456,130944,0,45070
5457,130968,0,45070
5458,130992,0,45070
5459,131016,0,45070
5460,131040,0,45070
5461,131064,0,45070
5462,131088,0,45070
5463,131112,0,45070
5464,131136,0,45070
5465,131160,0,45070
5466,131184,0,45070
5467,131208,0,45070
5468,131232,0,45070
5469,131256,0,45070
5470,131280,0,45070
5471,131304,0,45070
5472,131328,0,45070
5473,131352,0,45070
5474,131376,0,45070
5475,131400,0,45070
5476,131424,0,45070
5477,131448,0,45070
5478,131472,0,45070
5479,131496,0,45070
5480,131520,0,45070
5481,131544,0,45070
5482,131568,0,45070
5483,131592,0,45070
5484,131616,0,45070
5485,131640,0,45070
5486,131664,0,45070
5487,131688,1,45070
5488,131712,1,45070
5489,131736,0,45070
5490,131760,0,45070
5491,131784,0,45070
5492,131808,0,45070
5493,131832,0,45070
5494,131856,0,45070
5495,131880,0,45070
5496,131904,0,45070
5497,131928,0,45070
5498,131952,0,45070
5499,131976,0,45070
5500,132000,0,45070
5501,132024,0,45070
5502,132048,0,45070
5503,132072,0,45070
5504,132096,0,45070
5505,132120,0,45070
5506,132144,0,45070
5507,132168,0,45070
5508,132192,0,45070
5509,132216,0,45070
5510,132240,0,45070
5511,132264,0,45070
5512,132288,0,45070
5513,132312,0,45070
5514,132336,0,45070
5515,132360,0,45070
5516,132384,0,45070
5517,132408,0,45070
5518,132432,0,45070
5519,132456,0,45070
5520,132480,0,45070
5521,132504,0,45070
5522,132528,0,45070
5523,132552,0,45070
5524,132576,0,45070
5525,132600,0,45070
5526,132624,0,45070
5527,132648,0,45070
5528,132672,0,45070
5529,132696,0,45070
5530,132720,0,45070
5531,132744,0,45070
5532,132768,0,45070
5533,132792,0,45070
5534,132816,0,45070
5535,132840,0,45070
5536,132864,0,45070
5537,132888,0,45070
5538,132912,0,45070
5539,132936,0,45070
5540,132960,0,45070
5541,132984,0,45070
5542,133008,0,45070
5543,133032,0,45070
5544,133056,0,45070
5545,133080,0,45070
5546,133104,0,45070
5547,133128,0,45070
5548,133152,0,45070
5549,133176,0,45070
5550,133200,0,45070
5551,133224,0,45070
5552,133248,1,45070
5553,133272,0,45070
5554,133296,0,45070
5555,133320,0,45070
5556,133344,0,45070
5557,133368,0,45070
5558,133392,0,45070
5559,133416,0,45070
5560,133440,0,45070
5561,133464,0,45070
5562,133488,0,45070
5563,133512,0,45070
5564,133536,0,45070
5565,133560,0,45070
5566,133584,0,45070
